1	5
-1	5
1	5
0	5
-1	5
-42	5
0	5
-42	5
1	5
2	5
0	5
-1	5
0	5
0	5
29	5
0	5
-1	5
0	5
0	5
-1	5
1	5
-1	5
0	5
1	5
0	5
1	5
0	5
0	5
1	5
0	5
0	5
-1	5
0	5
0	5
-1	5
0	5
-1	5
0	5
0	5
0	5
1	5
0	5
0	5
1	5
0	5
-57	5
0	5
-57	5
1	5
0	5
0	5
-1	5
0	5
0	5
-1	5
0	5
-1	5
0	5
0	5
-1	5
0	5
-1	5
0	5
0	5
28	5
0	5
-1	5
0	5
0	5
-1	5
0	5
-1	5
0	5
0	5
-1	5
1	5
0	5
0	5
1	5
0	5
1	5
0	5
0	5
1	5
0	5
0	5
-1	5
0	5
0	5
-1	5
0	5
-1	5
0	5
0	5
41	5
0	5
-1	5
-1	5
0	5
27	5
0	5
-1	5
0	5
0	5
45	5
1	5
0	5
0	5
1	5
0	5
0	5
-1	5
0	5
0	5
10	5
1	5
-1	5
0	5
1	5
0	5
0	4
0	4
0	4
0	4
0.5	4
0.5	4
-0.5	4
-0.5	4
-1	4
0	4
0	4
0	4
-1	4
0	4
0	4
0	4
0	4
0	4
0	4
0	4
-1	4
0	4
0	4
0	4
-8	4
-7	4
8	4
7	4
-1	4
0	4
0	4
0	4
-1	4
0	4
0	4
0	4
0	4
0	4
0	4
0	4
-26.5	4
-26.5	4
27.5	4
26.5	4
-1	4
0	4
0	4
0	4
0	4
0	4
1	4
0	4
0	4
0	4
0	4
0	4
0	4
0	4
0	4
0	4
-1	4
0	4
0	4
0	4
0	4
0	4
0	4
0	4
0	4
0	4
1	4
0	4
-1	4
0	4
0	4
0	4
0	4
0	4
1	4
0	4
-1	4
0	4
0	4
0	4
-1	4
0	4
1	4
0	4
-29	3
0	3
1	3
0	3
-1	3
1	3
0	3
-1	3
1	3
0	3
0	3
1	3
0	3
-1	3
1	3
0	3
-1	3
1	3
0	3
-1	3
0	3
0	3
0	3
1	3
0	3
-1	3
1	3
0	3
-1	3
1	3
0	3
0	3
1	3
0	3
-1	3
1	3
0	3
-1	3
1	3
0	3
-1	3
1	3
0	3
-1	3
0	3
0	3
0	3
1	3
0	3
-1	3
1	3
0	3
-1	3
0	3
0	3
0	3
1	3
15	3
-1	3
0	3
0	3
14	3
-15	3
15	3
0	3
0	3
0	3
44	3
-15	3
15	3
0	3
0	3
15	3
0	3
0	3
15	3
0	3
0	3
14	3
0	3
0	3
15	3
0	3
0	3
14	3
0	3
0	3
15	3
0	3
0	3
15	3
0	3
0	3
15	3
0	3
0	3
15	3
0	3
0	3
15	3
0	3
0	3
14	3
0	3
0	3
15	3
0	3
0	3
15	3
0	3
0	3
15	3
0	3
0	3
0	3
13	3
-15	3
-52	3
1	3
0	3
0	3
0	3
1	3
0	3
0	3
1	3
0	3
0	3
1	3
0	3
0	3
1	3
0	3
0	3
8	3
0	3
0	3
1	3
0	3
0	3
0	3
0	3
0	3
1	3
0	3
0	3
0	3
0	3
0	3
1	3
0	3
0	3
-1	3
0	3
0	3
2	3
0	3
0	3
1	3
0	3
0	3
1	3
0	3
0	3
8	3
-1	3
0	3
1	3
0	3
0	3
1	3
0	3
0	3
-13	3
0	3
1	3
-1	3
-2	3
0	3
6	3
-1	3
1	3
0	3
-1	3
1	3
0	3
-1	3
1	3
0	3
-1	3
1	3
0	3
0	3
1	3
0	3
-1	3
0	3
2	3
-1	3
1	3
0	3
0	3
1	3
0	3
-2	3
0	3
4	3
0	3
2	3
-28	3
0	3
1	3
0	3
-2	3
0	3
13	3
-1	3
1	3
0	3
-1	3
1	3
0	3
-1	3
1	3
0	3
-1	3
1	3
0	3
0	3
1	3
0	3
-1	3
1	3
0	3
-1	3
0	3
13	3
0	3
1	3
0	3
0	3
1	3
0	3
0	3
0	3
-1	3
0	3
0	3
-1	3
0	3
0	3
-8	3
0	3
1	3
0	3
0	3
0	3
-15	3
0	3
0	3
-1	3
0	3
0	3
-1	3
0	3
0	3
-1	3
0	3
0	3
-1	3
0	3
0	3
-1	3
0	3
1	3
0	3
0	3
0	3
-1	3
0	3
1	3
0	3
0	3
0	3
-1	3
0	3
1	3
-1	3
0	3
0	3
-1	3
0	3
0	3
-1	3
0	3
0	3
-1	3
0	3
0	3
-1	3
0	3
0	3
-1	3
0	3
0	3
-1	3
0	4
1	4
0	4
0	4
0	4
1	4
0	4
0	4
0	4
2	4
0	4
0	4
0	4
1	4
0	4
0	4
0	4
1	4
0	4
0	4
0	4
1	4
0	4
0	4
0	4
-13	4
0	4
0	4
0	4
1	4
0	4
0	4
0	4
2	4
0	4
0	4
0	4
1	4
0	4
0	4
0	4
1	4
0	4
0	4
-0.5	4
1.5	4
0.5	4
-0.5	4
-0.5	4
1.5	4
0.5	4
-0.5	4
-1	4
1	4
0	4
0	4
-1	4
1	4
0	4
0	4
0	4
1	4
0	4
0	4
0	4
1	4
0	4
0	4
-1	4
1	4
0	4
0	4
0	4
1	4
0	4
0	4
0	4
1	4
0	4
0	4
-1	4
1	4
0	4
0	4
0	4
1	4
0	4
0	4
-1	3
4	3
0	3
0	3
5	3
0	3
0	3
5	3
0	3
0	3
5	3
0	3
0	3
6	3
0	3
0	3
-22	3
2	3
-1	3
5	3
0	3
-3	3
6	3
0	3
0	3
-7	3
2	3
-1	3
6	3
0	3
0	3
6	3
0	3
0	3
6	3
0	3
-1	3
5	3
0	3
-1	3
5	3
0	3
-1	3
5	3
0	3
8	3
0	3
-5	3
-1	3
5	3
0	3
-1	3
5	3
0	3
-2	3
6	3
0	3
-1	3
5	3
0	3
-28	3
6	3
0	3
-4	3
196	3
0	3
0	3
-9	3
3	3
0	3
-2	3
3	3
0	3
-7	3
3	3
0	3
-13	3
4	3
-3	3
21	3
0	3
0	3
-29	3
4	3
0	3
-9	3
4	3
-3	3
28	3
0	3
-3	3
33	3
0	3
-1	3
0	3
3	3
0	3
-35	3
3	3
0	3
-28	3
3	3
0	3
-13	3
3	3
-3	3
29	3
0	3
-3	3
32	3
0	3
0	3
-20	3
4	3
-4	3
36	3
0	3
-4	3
32	3
0	3
-3	3
48	3
0	3
0	3
0	3
0	3
0	3
0	3
1	3
0	3
0	3
0	3
0	3
0	3
1	3
-1	3
0	3
0	3
0	3
0	3
1	3
0	3
0	3
0	3
0	3
0	3
0	3
0	3
0	3
1	3
0	3
0	3
1	3
0	3
0	3
1	3
0	3
0	3
1	3
0	3
0	3
1	3
0	3
0	3
1	3
0	3
0	3
1	3
0	3
0	3
1	3
0	3
0	3
1	3
0	3
0	3
1	3
0	3
0	3
1	3
-1	3
1	3
0	3
0	3
-43	3
0	3
0	3
-28	3
1	3
0	3
-14	3
0	3
0	3
-27	3
4	3
0	3
-13	3
3	3
-2	3
0	3
2	3
0	3
-27	3
4	3
0	3
1	3
0	3
0	3
2	3
-10	3
24	3
-3	3
0	3
-1	3
0	3
3	3
24	3
-3	3
0	3
-1	3
0	3
3	3
24	3
-3	3
0	3
24	3
-2	3
0	3
24	3
-3	3
0	3
-2	3
0	3
2	3
0	3
-13	3
4	3
24	3
-3	3
0	3
0	3
0	3
2	3
0	3
0	3
2	3
0	3
0	3
2	3
0	3
0	3
2	3
-2	3
13	3
0	3
0	3
0	3
2	3
-2	3
26	3
0	3
0	3
-1	3
1	3
0	3
0	3
2	3
0	3
0	3
2	3
0	3
0	3
2	3
0	3
-1	3
1	3
0	3
0	3
2	3
0	3
0	3
2	3
0	3
0	3
2	3
0	3
-1	3
1	3
0	3
0	3
2	3
-2	3
26	3
0	3
-1	3
54	3
0	3
0	3
0	3
2	3
0	3
0	3
2	3
0	3
0	3
2	3
-2	3
54	3
0	3
0	3
52	3
-1	3
1	3
-27	3
0	3
0	3
16	3
-1	3
1	3
-12	3
0	3
0	3
2	3
0	3
0	3
2	3
-1	3
0	3
59	3
-1	3
0	3
2	3
-1	3
0	3
2	3
-1	3
0	3
1	3
-1	3
0	3
43	3
-1	3
0	3
1	3
-1	3
0	3
2	3
-1	3
0	3
1	3
-1	3
0	3
2	3
-1	3
0	3
1	3
-1	3
0	3
15	3
-1	3
0	3
2	3
-1	3
0	3
1	3
-1	3
0	3
2	3
-1	3
0	3
0	3
1	3
0	3
-1	3
0	3
0	3
-1	3
1	3
0	3
-1	3
1	3
0	3
-1	3
0	3
0	3
-1	3
1	3
0	3
-1	3
0	3
0	3
-1	3
0	3
0	3
-1	3
1	3
0	3
-1	3
1	3
0	3
-1	3
0	3
0	3
-1	3
1	3
0	3
-1	3
0	3
0	3
-1	3
1	3
0	3
-1	3
1	3
0	3
-2	3
0	3
0	3
-1	3
0	3
0	3
-1	3
1	3
0	3
-1	3
1	3
0	3
-1	3
0	3
5	4
-6	4
-5	4
39	4
8	4
-3	4
-2	4
2	4
11.5	4
-0.5	4
0.5	4
-9.5	4
9	4
-3	4
-2	4
2	4
5.5	4
-6.5	4
-5.5	4
43.5	4
9	4
-3	4
-2	4
2	4
9	4
-3	4
-2	4
2	4
9	4
-3	4
-2	4
2	4
9	4
-3	4
-2	4
2	4
5.5	4
-6.5	4
-5.5	4
19.5	4
9	4
-3	4
-2	4
2	4
9	4
-2	4
-2	4
2	4
9	4
-3	4
-2	4
2	4
9	4
-3	4
-2	4
2	4
9	4
-2	4
-2	4
2	4
5.5	4
-6.5	4
-5.5	4
11.5	4
9.5	4
-2.5	4
-1.5	4
1.5	4
9	4
-3	4
-2	4
2	4
9	4
-3	4
-2	4
2	4
-10	4
0	4
0	4
4	4
-9.5	4
-0.5	4
0.5	4
26.5	4
0	3
1	3
0	3
0	3
0	3
0	3
0	3
0	3
-1	3
0	3
0	3
0	3
0	3
0	3
0	3
0	3
0	3
0	3
0	3
0	3
-1	3
0	3
0	3
0	3
0	3
0	3
0	3
0	3
0	3
0	3
0	3
0	3
0	3
0	3
1	3
0	3
0	3
0	3
-1	3
0	3
0	3
-1	3
0	3
0	3
-1	3
0	3
0	3
-1	3
0	3
0	3
-1	3
0	3
0	3
-1	3
0	3
0	3
0	3
0	3
-1	3
34	3
1	3
0	3
-2	3
1	3
0	3
-2	3
0	3
0	3
-2	3
1	3
0	3
-2	3
1	3
0	3
-2	3
1	3
0	3
-2	3
1	3
0	3
-2	3
0	3
0	3
-2	3
1	3
0	3
-2	3
0	3
0	3
-2	3
1	3
0	3
-2	3
1	3
0	3
-2	3
1	3
0	3
-2	3
1	3
0	3
-2	3
1	3
0	3
-2	3
1	3
0	3
-2	3
1	3
0	3
-2	3
1	3
0	3
-2	3
0	3
-1	3
30	3
0	3
-1	3
1	3
0	3
-1	3
0	3
0	3
-1	3
0	3
0	3
-1	3
0	3
0	3
-1	3
0	3
0	3
-1	3
0	3
0	3
0	3
1	3
0	3
-1	3
0	3
0	3
-1	3
0	3
0	3
-1	3
0	3
0	3
-1	3
0	3
0	3
0	3
1	3
0	3
0	3
1	3
0	3
-1	3
0	3
0	3
0	3
1	3
0	3
0	3
1	3
0	3
-1	3
0	3
0	3
0	3
1	3
0	3
1	3
-3	3
0	3
0	3
-3	3
0	3
0	3
-4	3
0	3
0	3
-4	3
0	3
0	3
-3	3
0	3
0	3
-3	3
0	3
0	3
-3	3
0	3
0	3
-4	3
0	3
0	3
-3	3
0	3
0	3
-3	3
0	3
0	3
-4	3
0	3
0	3
-3	3
0	3
0	3
-4	3
0	3
0	3
-3	3
0	3
0	3
-3	3
0	3
0	3
-3	3
0	3
0	3
-3	3
0	3
0	3
-4	3
0	3
0	3
-3	3
0	3
0	3
-3	3
0	3
0	3
-4	3
0	3
3	3
-3	3
0	3
3	3
-3	3
0	3
2	3
-3	3
0	3
2	3
-3	3
0	3
2	3
-3	3
0	3
2	3
-4	3
0	3
2	3
-3	3
0	3
3	3
-3	3
0	3
3	3
-3	3
0	3
2	3
-3	3
0	3
2	3
-3	3
0	3
2	3
-3	3
0	3
2	3
-3	3
0	3
2	3
-3	3
0	3
2	3
-3	3
0	3
2	3
-3	3
0	3
2	3
-3	3
0	3
2	3
-3	3
0	3
2	3
-3	3
0	3
3	3
-3	3
0	3
-22	3
1	3
0	3
-3	3
0	3
0	3
-2	3
1	3
0	3
-3	3
1	3
0	3
-2	3
1	3
0	3
-2	3
1	3
0	3
-23	3
1	3
0	3
-3	3
1	3
0	3
-2	3
1	3
0	3
-2	3
1	3
0	3
-3	3
0	3
0	3
-3	3
1	3
0	3
-3	3
1	3
0	3
-3	3
0	3
0	3
-2	3
1	3
0	3
-2	3
1	3
0	3
-3	3
0	3
0	3
-2	3
1	3
0	3
-2	3
1	3
0	3
-2	3
1	3
0	3
0	3
-43	3
0	3
0	3
-2	3
0	3
0	3
-2	3
0	3
0	3
-2	3
0	3
0	3
-2	3
0	3
0	3
-2	3
0	3
0	3
-3	3
0	3
0	3
-2	3
0	3
0	3
-3	3
0	3
0	3
-3	3
0	3
1	3
-2	3
0	3
1	3
-2	3
0	3
0	3
-3	3
0	3
0	3
-2	3
0	3
0	3
-3	3
0	3
0	3
-2	3
0	3
0	3
-3	3
0	3
0	3
-2	3
0	3
1	3
-2	3
0	3
1	3
-2	3
1	3
-2	3
0	3
0	3
-2	3
0	3
1	3
-2	3
0	3
0	3
-3	3
0	3
1	3
-2	3
0	3
0	3
-2	3
0	3
0	3
-2	3
0	3
0	3
-2	3
0	3
0	3
-3	3
0	3
0	3
-2	3
0	3
0	3
-3	3
0	3
1	3
-2	3
0	3
1	3
-2	3
0	3
0	3
-3	3
0	3
0	3
-3	3
0	3
0	3
-3	3
0	3
1	3
-2	3
0	3
0	3
-3	3
0	3
1	3
-2	3
0	3
1	3
-2	3
0	3
-1	3
0	3
1	3
0	3
0	3
-29	3
-1	3
0	3
0	3
-1	3
0	3
1	3
-1	3
0	3
1	3
0	3
0	3
1	3
0	3
0	3
1	3
-1	3
0	3
87	3
-1	3
0	3
0	3
0	3
0	3
1	3
-1	3
0	3
0	3
-1	3
0	3
0	3
-1	3
0	3
1	3
-1	3
0	3
1	3
0	3
1	3
-41	3
-1	3
0	3
0	3
-1	3
0	3
1	3
-1	3
0	3
0	3
-1	3
0	3
0	3
0	3
0	3
1	3
-1	3
0	3
1	3
-1	3
0	3
1	3
0	3
0	3
1	3
-1	3
0	3
0	3
0	3
0	3
1	3
0	3
0	3
1	3
-1	3
0	3
0	3
-1	3
0	3
0	3
-1	3
0	3
0	3
-1	3
0	3
0	3
0	3
0	3
1	3
0	3
0	3
1	3
-1	3
0	3
0	3
-1	3
0	3
1	3
0	3
0	3
1	3
-1	3
0	3
1	3
-1	3
0	3
0	3
-1	3
0	3
0	3
-1	3
0	3
1	3
0	3
0	3
1	3
-1	3
0	3
0	3
-1	3
0	3
1	3
0	3
0	3
1	3
-1	4
0	4
0	4
42	4
-1	4
0	4
0	4
1	4
0	4
0	4
0	4
0	4
0	4
0	4
0	4
1	4
-1	4
0	4
0	4
0	4
-0.5	4
0.5	4
-0.5	4
6.5	4
0	4
1	4
0	4
-5	4
0	4
0	4
0	4
2	4
-1	4
0	4
0	4
0	4
-0.5	4
0.5	4
-0.5	4
0.5	4
0	4
0	4
0	4
0	4
-1	4
0	4
0	4
33	4
0	4
0	4
0	4
0	4
0	4
0	4
0	4
1	4
-1	4
0	4
0	4
0	4
0	4
0	4
0	4
1	4
-1	4
0	4
0	4
2	4
0	4
1	4
0	4
-2	4
0	4
0	4
0	4
27	4
0	3
1	3
-42	3
0	3
2	3
-28	3
10	3
0	3
-19	3
-1	3
0	3
0	3
-1	3
4	3
0	3
0	3
19	3
-28	3
-1	3
4	3
0	3
0	3
0	3
1	3
-1	3
6	3
0	3
-1	3
0	3
0	3
0	3
1	3
-42	3
0	3
0	3
1	3
0	3
0	3
-28	3
0	3
-1	3
1	3
-1	3
22	3
0	3
0	3
0	3
1	3
0	3
0	3
1	3
-1	3
18	3
0	3
-1	3
2	3
0	3
0	3
8	3
-41	3
0	3
-27	3
1	3
0	3
-3	3
1	3
29	3
-1	3
0	3
0	3
0	3
0	3
0	3
0	3
0	3
0	3
0	3
0	3
0	3
0	3
0	3
0	3
0	3
0	3
0	3
0	3
0	3
0	3
0	3
0	3
0	3
0	3
0	3
0	3
0	3
0	3
0	3
0	3
0	3
0	3
0	3
0	3
0	3
0	3
0	3
0	3
0	3
0	3
0	3
0	3
0	3
0	3
0	3
0	3
0	3
0	3
0	3
0	3
0	3
-1	3
0	3
0	3
0	3
3	4
-1	4
0	4
0	4
4.5	4
-0.5	4
0.5	4
-2.5	4
1.5	4
-2.5	4
-1.5	4
11.5	4
3	4
-1	4
0	4
0	4
3.5	4
-0.5	4
0.5	4
-11.5	4
1.5	4
-2.5	4
-1.5	4
20.5	4
4	4
-1	4
0	4
0	4
3.5	4
-0.5	4
0.5	4
-6.5	4
4	4
0	4
0	4
0	4
1.5	4
-2.5	4
-1.5	4
15.5	4
3	4
-1	4
0	4
0	4
4	4
0	4
0	4
-5	4
3.5	4
-0.5	4
0.5	4
-3.5	4
2	4
-2	4
-1	4
1	4
4.5	4
-0.5	4
0.5	4
-6.5	4
3	4
-1	4
0	4
0	4
1.5	4
-2.5	4
-1.5	4
4.5	4
2	4
-3	4
-2	4
5	4
1.5	4
-2.5	4
-1.5	4
23.5	4
4	4
-1	4
0	4
0	4
0	3
-4	3
32	3
3	3
0	3
-4	3
3	3
0	3
-7	3
0	3
-3	3
14	3
3	3
0	3
0	3
3	3
0	3
0	3
0	3
-3	3
3	3
0	3
-4	3
16	3
4	3
0	3
0	3
3	3
0	3
0	3
4	3
0	3
0	3
3	3
0	3
0	3
0	3
-4	3
9	3
4	3
0	3
0	3
0	3
-3	3
21	3
4	3
0	3
0	3
3	3
0	3
0	3
0	3
-4	3
6	3
0	3
-3	3
6	3
4	3
0	3
-5	3
17	4
-17	4
-20	4
22	4
0	4
0	4
-3	4
6	4
0	4
0	4
-3	4
3	4
0	4
0	4
-3	4
0	4
1.5	4
1.5	4
-1.5	4
-1.5	4
29.5	4
-29.5	4
-32.5	4
30.5	4
0	4
0	4
-3	4
17	4
1.5	4
1.5	4
-1.5	4
-1.5	4
0	4
0	4
-3	4
4	4
0	4
0	4
-3	4
6	4
0	4
0	4
-3	4
21	4
0	4
0	4
-3	4
37	4
1.5	4
1.5	4
-1.5	4
-1.5	4
0	4
0	4
-3	4
6	4
0	4
0	4
-3	4
4	4
9	4
2	4
-2	4
-2	4
0	4
0	4
-3	4
19	4
0	4
0	4
-3	4
21	4
0	4
0	4
-3	4
23	4
0	4
0	4
-3	4
9	4
40	3
0	3
0	3
9	3
0	3
0	3
1	3
0	3
-1	3
16	3
0	3
0	3
1	3
0	3
0	3
-13	3
0	3
0	3
2	3
0	3
0	3
2	3
0	3
0	3
2	3
0	3
0	3
-6	3
0	3
0	3
-13	3
0	3
0	3
-4	3
0	3
0	3
29	3
0	3
0	3
5	3
0	3
-1	3
8	3
0	3
0	3
1	3
0	3
-1	3
1	3
0	3
0	3
2	3
0	3
0	3
1	3
0	3
-1	3
1	3
0	3
0	3
2	3
0	3
0	3
1	3
0	3
-1	3
0	3
0	3
1	3
0	3
0	3
1	3
0	3
0	3
1	3
0	3
0	3
1	3
-1	3
0	3
1	3
0	3
0	3
1	3
0	3
0	3
30	3
0	3
0	3
1	3
0	3
0	3
1	3
0	3
0	3
1	3
0	3
0	3
1	3
0	3
0	3
1	3
0	3
0	3
1	3
0	3
0	3
1	3
0	3
0	3
1	3
0	3
0	3
1	3
0	3
0	3
1	3
0	3
0	3
1	3
0	3
0	3
1	3
0	3
0	3
1	3
0	3
0	3
1	3
0	3
-1	3
0	3
0	3
-2	3
0	3
0	3
-2	3
0	3
0	3
-2	3
0	3
0	3
-2	3
0	3
0	3
-1	3
0	3
0	3
-1	3
0	3
0	3
-1	3
0	3
0	3
-1	3
0	3
0	3
-2	3
0	3
0	3
-1	3
0	3
0	3
-2	3
0	3
0	3
2	3
0	3
0	3
-1	3
0	3
0	3
-1	3
0	3
0	3
-2	3
0	3
2	3
0	3
-21	3
0	3
-1	3
0	3
0	3
-1	3
0	3
0	3
-1	3
0	3
-22	3
0	3
0	3
0	3
0	3
0	3
29	3
0	3
0	3
0	3
0	3
0	3
0	3
0	3
0	3
0	3
0	3
1	3
0	3
0	3
0	3
0	3
0	3
0	3
0	3
0	3
0	3
-14	3
0	3
0	3
0	3
0	3
0	3
0	3
0	3
0	3
0	3
0	3
0	3
0	3
0	3
0	3
0	3
0	3
0	3
-29	3
0	3
0	3
0	3
0	3
0	3
0	3
0	3
0	3
0	3
0	3
0	3
0	3
0	3
0	3
0	3
0	3
0	3
0	3
0	3
0	3
-14	3
0	3
0	3
0	3
0	3
0	3
0	3
0	3
0	3
1	3
0	3
0	3
1	3
0	3
0	3
1	3
0	3
0	3
1	3
0	3
0	3
1	3
0	3
0	3
1	3
0	3
0	3
1	3
0	3
0	3
1	3
0	3
0	3
1	3
0	3
0	3
2	3
0	3
0	3
1	3
0	3
0	3
1	3
0	3
0	3
1	3
0	3
0	3
1	3
0	3
0	3
1	3
0	3
0	3
1	3
0	3
0	3
1	3
0	3
0	3
1	3
0	3
0	3
1	3
0	3
0	3
1	3
0	3
0	3
1	3
0	3
0	3
-14	3
0	3
0	3
1	3
0	3
0	3
-10	3
0	3
0	3
1	3
0	3
0	3
19	3
0	3
0	3
1	3
0	3
0	3
-12	3
0	3
0	3
1	3
0	3
0	3
39	3
0	3
0	3
1	3
0	3
0	3
-27	3
0	3
0	3
2	3
0	3
0	3
1	3
0	3
0	3
6	3
0	3
0	3
1	3
0	3
0	3
1	3
0	3
0	3
-27	3
0	3
0	3
1	3
0	3
0	3
57	3
0	3
0	3
2	3
0	3
-33	3
1	3
0	3
0	3
1	3
0	3
0	3
1	3
0	3
0	3
2	3
0	3
0	3
2	3
0	3
0	3
2	3
0	3
0	3
2	3
0	3
0	3
1	3
-1	3
0	3
1	3
0	3
0	3
1	3
0	3
0	3
1	3
0	3
0	3
1	3
0	3
0	3
1	3
0	3
0	3
2	3
0	3
0	3
1	3
-1	3
0	3
1	3
0	3
0	3
0	3
-1	3
0	3
-3	3
0	3
1	3
1	3
0	3
0	3
9	3
0	3
0	3
1	3
0	3
0	3
1	4
0	4
0	4
0	4
1	4
0	4
0	4
0	4
1	4
0	4
0	4
0	4
1	4
0	4
-1	4
0	4
0.5	4
28.5	4
-0.5	4
-0.5	4
1	4
0	4
0	4
0	4
2	4
0	4
0	4
0	4
1	4
0	4
0	4
0	4
1	4
0	4
0	4
0	4
1	4
0	4
0	4
0	4
1	4
0	4
0	4
0	4
1	4
0	4
0	4
0	4
1.5	4
-0.5	4
-0.5	4
0.5	4
1	4
13	4
-1	4
-1	4
2	4
0	4
0	4
0	4
1	4
0	4
0	4
0	4
1	4
0	4
0	4
0	4
0.5	4
54.5	4
-0.5	4
-0.5	4
1	4
0	4
0	4
0	4
1.5	4
-54.5	4
-0.5	4
0.5	4
1	4
0	4
0	4
0	4
0	3
0	3
0	3
0	3
0	3
0	3
0	3
0	3
0	3
0	3
0	3
0	3
0	3
0	3
0	3
0	3
0	3
0	3
0	3
0	3
0	3
0	3
0	3
0	3
0	3
0	3
0	3
0	3
-43	3
0	3
0	3
0	3
0	3
0	3
0	3
0	3
0	3
0	3
0	3
0	3
0	3
0	3
0	3
0	3
0	3
0	3
-28	3
0	3
0	3
0	3
1	3
0	3
0	3
0	3
0	3
0	3
0	3
0	3
0	3
0	3
0	3
0	3
0	3
0.5	4
-0.5	4
-0.5	4
0.5	4
0.5	4
-0.5	4
-0.5	4
0.5	4
0.5	4
-0.5	4
-0.5	4
0.5	4
0.5	4
-0.5	4
-0.5	4
0.5	4
1.5	4
-0.5	4
-0.5	4
0.5	4
0.5	4
-0.5	4
-0.5	4
0.5	4
1	4
-1	4
-1	4
1	4
0.5	4
-0.5	4
-0.5	4
0.5	4
1.5	4
-0.5	4
-0.5	4
0.5	4
0.5	4
-0.5	4
-0.5	4
0.5	4
0	4
-1	4
6	4
0	4
0.5	4
-0.5	4
-0.5	4
0.5	4
28.5	4
27.5	4
-28.5	4
-27.5	4
1.5	4
-0.5	4
-0.5	4
0.5	4
-13.5	4
-14.5	4
13.5	4
14.5	4
-13	4
-15	4
13	4
14	4
1.5	4
-0.5	4
-0.5	4
0.5	4
1	4
-1	4
-1	4
1	4
1.5	4
-0.5	4
-0.5	4
0.5	4
0.5	4
-0.5	4
-0.5	4
0.5	4
0.5	4
-0.5	4
-0.5	4
0.5	4
-3	3
41	3
0	3
0	3
0	3
3	3
-59	3
0	3
3	3
27	3
-3	3
0	3
-29	3
0	3
3	3
-29	3
0	3
3	3
12	3
-3	3
0	3
26	3
-3	3
0	3
0	3
0	3
3	3
0	3
0	3
3	3
0	3
0	3
3	3
11	3
-3	3
0	3
-56	3
0	3
3	3
0	3
0	3
3	3
0	3
0	3
3	3
0	3
0	3
3	3
0	3
0	3
2	3
25	3
-3	3
0	3
11	3
-2	3
0	3
0	3
0	3
3	3
0	3
-1	3
0	3
0	3
-2	3
0	3
0	3
-2	3
0	3
0	3
-1	3
0	3
-6	3
0	3
1	3
0	3
-2	3
0	3
0	3
-2	3
0	3
0	3
-1	3
0	3
0	3
-2	3
0	3
0	3
-2	3
0	3
0	3
-2	3
0	3
0	3
-1	3
0	3
0	3
-2	3
0	3
0	3
-1	3
0	3
1	3
-1	3
0	3
0	3
-2	3
0	3
0	3
-1	3
0	3
0	3
-2	3
0	3
0	3
-1	3
0	3
29	3
-2	3
0	3
0	3
-85	3
0	3
0	3
-17	3
0	3
0	3
14	3
0	3
0	3
0	3
0	3
0	3
14	3
0	3
0	3
0	3
0	3
0	3
-1	3
0	3
0	3
14	3
0	3
0	3
-15	3
0	3
0	3
0	3
0	3
0	3
0	3
0	3
0	3
-1	3
0	3
0	3
0	3
0	3
0	3
7	3
0	3
0	3
-1	3
0	3
0	3
0	3
0	3
0	3
-2	3
0	3
0	3
0	3
0	3
0	3
-1	3
0	3
0	3
0	3
0	3
0	3
0	3
0	3
0	3
0	3
0	3
0	3
-2	3
0	3
0	3
0	3
0	3
0	3
-1	3
0	3
0	3
-1	3
0	3
0	3
-1	3
0	3
0	3
-1	3
0	3
0	3
-1	3
0	3
-28	3
0	3
1	3
0	3
5	3
-8	3
0	3
-1	3
0	3
0	3
0	3
1	3
1	3
-1	3
0	3
56	3
0	3
0	3
1	3
0	3
-27	3
0	3
-2	3
0	3
28	3
0	3
-27	3
0	3
0	3
1	3
1	3
-1	3
0	3
0	3
-1	3
0	3
0	3
-1	3
0	3
0	3
-9	3
5	3
0.5	4
-0.5	4
-0.5	4
2.5	4
0.5	4
-0.5	4
-0.5	4
2.5	4
0.5	4
-0.5	4
-0.5	4
2.5	4
1.5	4
-1.5	4
-1.5	4
3.5	4
15.5	4
-15.5	4
-15.5	4
17.5	4
30	4
-30	4
-30	4
32	4
0.5	4
-0.5	4
-0.5	4
14.5	4
14.5	4
-1.5	4
-1.5	4
1.5	4
0.5	4
-0.5	4
-0.5	4
2.5	4
0.5	4
-0.5	4
-0.5	4
2.5	4
0.5	4
-0.5	4
-0.5	4
2.5	4
0.5	4
-0.5	4
-0.5	4
2.5	4
0.5	4
-0.5	4
-0.5	4
2.5	4
0.5	4
-0.5	4
-0.5	4
2.5	4
0.5	4
-0.5	4
-0.5	4
2.5	4
3.5	4
-3.5	4
-3.5	4
5.5	4
0.5	4
-0.5	4
-0.5	4
2.5	4
27.5	4
-1.5	4
-1.5	4
1.5	4
0.5	4
-0.5	4
-0.5	4
8.5	4
0	4
0	4
0	4
4	4
0.5	4
-0.5	4
0.5	4
-1.5	4
0.5	4
-0.5	4
0.5	4
-0.5	4
1	4
-1	4
1	4
-1	4
0.5	4
-0.5	4
0.5	4
-0.5	4
1	4
-2	4
1	4
-1	4
1	4
-1	4
1	4
-1	4
1	4
-1	4
1	4
-8	4
1	4
-1	4
1	4
-1	4
1	4
-2	4
1	4
-1	4
1	4
-1	4
1	4
-1	4
1	4
-1	4
1	4
-1	4
1	4
-1	4
1	4
-1	4
2	4
-1	4
1	4
-1	4
1.5	4
-1.5	4
1.5	4
-1.5	4
1.5	4
-1.5	4
1.5	4
-1.5	4
2	4
-1	4
1	4
-29	4
2	4
-1	4
1	4
-1	4
1	4
-1	4
1	4
-1	4
1	4
-1	4
1	4
-1	4
1	4
-1	4
1	4
-3	4
0.5	4
0.5	4
-0.5	4
-0.5	4
0	4
0	4
-1	4
2	4
1.5	4
0.5	4
-0.5	4
-0.5	4
0.5	4
0.5	4
-0.5	4
-0.5	4
1.5	4
0.5	4
-0.5	4
-0.5	4
-14	4
15	4
14	4
-15	4
0.5	4
0.5	4
-0.5	4
-0.5	4
1	4
1	4
-1	4
-1	4
0.5	4
0.5	4
-0.5	4
-0.5	4
0	4
0	4
-1	4
0	4
0.5	4
0.5	4
-0.5	4
-0.5	4
0.5	4
0.5	4
-0.5	4
-0.5	4
14.5	4
0.5	4
-0.5	4
-0.5	4
0.5	4
0.5	4
-0.5	4
-0.5	4
0.5	4
0.5	4
-0.5	4
-0.5	4
0.5	4
0.5	4
-0.5	4
-0.5	4
0.5	4
0.5	4
-0.5	4
-0.5	4
0.5	4
0.5	4
-0.5	4
-0.5	4
0.5	4
0.5	4
-0.5	4
-0.5	4
0	4
0	4
-1	4
27	4
0.5	4
0.5	4
-0.5	4
-0.5	4
1	5
0	5
1	5
0	5
0	5
30	5
0	5
30	5
0	5
0	5
2	5
0	5
2	5
0	5
0	5
1	5
0	5
1	5
0	5
0	5
1	5
0	5
1	5
0	5
0	5
88	5
0	5
1	5
-1	5
0	5
1	5
0	5
1	5
0	5
0	5
1	5
0	5
1	5
0	5
0	5
1	5
0	5
1	5
0	5
0	5
0	5
56	5
0	5
-1	5
56	5
1	5
0	5
1	5
0	5
0	5
-1	5
26	5
0	5
-2	5
26	5
1	5
0	5
1	5
0	5
0	5
1	5
0	5
1	5
0	5
0	5
1	5
0	5
1	5
0	5
0	5
6	5
0	5
6	5
0	5
0	5
1	5
0	5
1	5
0	5
0	5
1	5
0	5
1	5
-1	5
-1	5
1	5
0	5
1	5
0	5
0	5
1	5
0	5
1	5
0	5
0	5
1	3
0	3
0	3
1	3
0	3
0	3
1	3
0	3
0	3
16	3
0	3
0	3
1	3
0	3
0	3
1	3
0	3
0	3
1	3
0	3
0	3
1	3
0	3
0	3
1	3
0	3
0	3
1	3
0	3
0	3
1	3
0	3
0	3
2	3
0	3
0	3
1	3
0	3
0	3
2	3
0	3
0	3
1	3
0	3
0	3
3	3
0	3
0	3
2	3
0	3
0	3
1	3
-1	3
0	3
1	3
0	3
0	3
0.5	4
0.5	4
-1.5	4
-0.5	4
7.5	4
-6.5	4
-9.5	4
6.5	4
0.5	4
0.5	4
-1.5	4
-0.5	4
1	4
0	4
-1	4
0	4
0.5	4
1.5	4
-1.5	4
-0.5	4
0.5	4
1.5	4
-1.5	4
-0.5	4
0.5	4
0.5	4
-1.5	4
-0.5	4
1	4
1	4
-2	4
-1	4
0.5	4
0.5	4
-1.5	4
-0.5	4
0.5	4
0.5	4
-1.5	4
-0.5	4
0.5	4
1.5	4
-1.5	4
-0.5	4
0.5	4
0.5	4
-1.5	4
-0.5	4
0.5	4
0.5	4
-1.5	4
-0.5	4
0.5	4
0.5	4
-1.5	4
-0.5	4
0	4
0	4
-2	4
13	4
0	4
0	4
-2	4
27	4
1	4
2	4
-2	4
-1	4
1.5	4
0.5	4
-1.5	4
-0.5	4
1	4
2	4
-1	4
-14	4
0.5	4
0.5	4
-1.5	4
-0.5	4
1	4
1	4
-2	4
-1	4
0	3
-2	3
0	3
0	3
0	3
0	3
0	3
-1	3
0	3
0	3
-1	3
0	3
0	3
46	3
0	3
0	3
46	3
0	3
0	3
11	3
0	3
0	3
74	3
0	3
0	3
45	3
0	3
0	3
46	3
0	3
0	3
46	3
0	3
0	3
88	3
0	3
-14	3
45	3
0	3
0	3
46	3
0	3
0	3
59	3
0	3
0	3
74	3
0	3
0	3
73	3
-1	3
0	3
46	3
0	3
0	3
45	3
0	3
0	3
45	3
0	3
0	3
0	3
0	3
1	3
0	3
0	3
2	3
0	3
0	3
1	3
0	3
0	3
1	3
0	3
0	3
1	3
0	3
0	3
1	3
0	3
0	3
0	3
-1	3
0	3
2	3
0	3
0	3
1	3
0	3
0	3
1	3
0	3
0	3
1	3
0	3
0	3
0	3
13	3
-1	3
3	3
0	3
0	3
1	3
0	3
0	3
2	3
0	3
0	3
1	3
0	3
0	3
1	3
0	3
-14	3
1	3
0	3
0	3
2	3
0	3
0	3
2	3
0	3
0	3
1	3
0	3
0	3
4.5	4
0.5	4
-1.5	4
-0.5	4
4.5	4
0.5	4
-1.5	4
-0.5	4
4.5	4
0.5	4
-0.5	4
-0.5	4
5.5	4
0.5	4
-0.5	4
-0.5	4
4.5	4
0.5	4
-0.5	4
-0.5	4
5	4
0	4
-1	4
0	4
4.5	4
0.5	4
-0.5	4
-0.5	4
4.5	4
0.5	4
-0.5	4
-0.5	4
4.5	4
0.5	4
-0.5	4
-0.5	4
4.5	4
0.5	4
-0.5	4
-0.5	4
4.5	4
0.5	4
-0.5	4
-0.5	4
5.5	4
0.5	4
-0.5	4
-0.5	4
4.5	4
0.5	4
-0.5	4
-0.5	4
5.5	4
0.5	4
-0.5	4
-0.5	4
4.5	4
0.5	4
-0.5	4
-0.5	4
4.5	4
0.5	4
-0.5	4
-0.5	4
4.5	4
0.5	4
-0.5	4
-0.5	4
4.5	4
0.5	4
-0.5	4
-0.5	4
4.5	4
0.5	4
-0.5	4
-0.5	4
4.5	4
0.5	4
-1.5	4
-0.5	4
5	4
1	4
-1	4
-29	4
4.5	4
0.5	4
-0.5	4
-0.5	4
0	4
1	4
0	4
0	4
0	4
1	4
0	4
0	4
0	4
1	4
0	4
0	4
0	4
1	4
0	4
0	4
0	4
1	4
0	4
0	4
0	4
2	4
0	4
0	4
0	4
1	4
0	4
0	4
0	4
1	4
0	4
0	4
0	4
1	4
0	4
-29	4
0	4
1	4
0	4
0	4
0	4
1	4
0	4
0	4
0	4
0	4
0	4
0	4
0	4
1	4
0	4
0	4
0	4
1	4
0	4
0	4
0	4
1	4
0	4
0	4
-1	4
1	4
-1	4
28	4
0	4
1	4
0	4
0	4
0	4
2	4
0	4
0	4
0	4
1	4
0	4
-14	4
0.5	4
1.5	4
-0.5	4
-14.5	4
0	4
1	4
0	4
-70	4
0	4
1	4
0	4
0	4
0	3
0	3
0	3
0	3
0	3
0	3
0	3
0	3
0	3
0	3
0	3
0	3
0	3
0	3
0	3
0	3
0	3
0	3
0	3
0	3
0	3
0	3
0	3
0	3
0	3
0	3
0	3
0	3
0	3
0	3
0	3
0	3
0	3
0	3
0	3
0	3
0	3
0	3
-14	3
0	3
0	3
0	3
0	3
0	3
0	3
0	3
0	3
0	3
0	3
0	3
0	3
0	3
0	3
0	3
0	3
0	3
0	3
0	3
0	3
0	3
0	3
0	3
0	3
1	4
-1	4
1	4
-3	4
0	4
0	4
0	4
0	4
0	4
1	4
0	4
0	4
0	4
1	4
0	4
0	4
0	4
1	4
-1	4
0	4
0	4
1	4
0	4
0	4
0	4
1	4
-1	4
0	4
0	4
1	4
0	4
0	4
0	4
1	4
0	4
0	4
0	4
1	4
0	4
-14	4
0	4
1	4
0	4
0	4
0	4
1	4
0	4
0	4
0.5	4
0.5	4
-0.5	4
-0.5	4
0	4
1	4
0	4
0	4
0	4
0	4
0	4
0	4
0	4
1	4
0	4
0	4
0	4
1	4
0	4
0	4
0	4
1	4
0	4
0	4
0	4
1	4
0	4
0	4
0	4
1	4
0	4
0	4
0.5	4
1.5	4
-0.5	4
-0.5	4
0	3
0	3
-1	3
0	3
1	3
0	3
0	3
0	3
0	3
0	3
1	3
0	3
0	3
1	3
0	3
0	3
1	3
0	3
0	3
0	3
0	3
0	3
1	3
0	3
0	3
1	3
0	3
0	3
1	3
0	3
0	3
1	3
0	3
0	3
0	3
-1	3
0	3
1	3
0	3
0	3
1	3
0	3
0	3
1	3
0	3
0	3
1	3
0	3
0	3
43	3
0	3
0	3
1	3
0	3
0	3
1	3
0	3
0	3
1	3
0	3
0	3
1	3
0	3
0	3
1	3
-1	3
0	3
1	3
0	3
0	3
1	3
0	3
0	3
1	3
0	3
0	3
1	3
0	3
0	3
1	3
0	3
0	3
1	3
0	3
0	3
1	3
-1	3
0	3
30	3
0	3
0	3
5	3
0	3
0	3
1	3
0	3
0	3
30	3
0	3
0	3
1	3
0	3
0	3
2	3
0	3
0	3
1	3
0	3
0	3
1	3
0	3
0	3
1	3
0	3
0	3
1	3
0	3
0	3
1	3
0	3
0	3
2	3
0	3
0	3
1	3
0	3
0	3
1	3
0	3
0	4
1	4
-1	4
0	4
-14.5	4
16.5	4
14.5	4
-14.5	4
0.5	4
1.5	4
-0.5	4
-0.5	4
0	4
1	4
0	4
0	4
0	4
1	4
0	4
0	4
0	4
1	4
0	4
0	4
0	4
2	4
0	4
0	4
0	4
1	4
0	4
0	4
0	4
1	4
0	4
0	4
0	4
1	4
0	4
0	4
0	4
2	4
0	4
0	4
0	4
1	4
0	4
0	4
-0.5	4
1.5	4
0.5	4
-0.5	4
0.5	4
1.5	4
-0.5	4
-0.5	4
0	4
1	4
0	4
0	4
0	4
1	4
0	4
0	4
0	4
1	4
0	4
0	4
-0.5	4
1.5	4
0.5	4
-0.5	4
0	4
1	4
0	4
0	4
0	4
1	4
0	4
0	4
0	4
2	4
0	4
0	4
0	4
1	4
0	4
0	4
-10.5	4
0.5	4
-0.5	4
0.5	4
-63	4
0	4
0	4
1	4
-59.5	4
0.5	4
-0.5	4
1.5	4
-85.5	4
-4.5	4
4.5	4
5.5	4
-91	4
0	4
0	4
1	4
-93	4
0	4
0	4
1	4
-108	4
0	4
0	4
1	4
-120.5	4
0.5	4
-0.5	4
1.5	4
-183	4
0	4
0	4
1	4
-183.5	4
0.5	4
-0.5	4
1.5	4
-186.5	4
0.5	4
-0.5	4
1.5	4
-213.5	4
0.5	4
-0.5	4
1.5	4
-214	4
0	4
0	4
1	4
-201	4
0	4
0	4
1	4
-201.5	4
13.5	4
-0.5	4
0.5	4
-245	4
0	4
0	4
1	4
-244.5	4
0.5	4
-0.5	4
1.5	4
-244.5	4
0.5	4
-0.5	4
1.5	4
-244.5	4
0.5	4
-0.5	4
1.5	4
-244.5	4
0.5	4
-0.5	4
1.5	4
-245	4
0	4
0	4
1	4
-245.5	4
0.5	4
-0.5	4
1.5	4
0.5	4
-0.5	4
-0.5	4
1.5	4
0.5	4
-0.5	4
-0.5	4
1.5	4
0.5	4
-0.5	4
-0.5	4
1.5	4
0.5	4
-0.5	4
-0.5	4
1.5	4
0.5	4
-0.5	4
-29.5	4
1.5	4
0.5	4
-0.5	4
-0.5	4
1.5	4
0.5	4
-0.5	4
-0.5	4
1.5	4
0.5	4
-0.5	4
-0.5	4
1.5	4
1	4
-1	4
-1	4
1	4
0.5	4
-0.5	4
-0.5	4
1.5	4
0.5	4
-0.5	4
-0.5	4
1.5	4
1	4
-1	4
-1	4
1	4
0.5	4
-0.5	4
-0.5	4
1.5	4
0.5	4
-29.5	4
-0.5	4
1.5	4
0.5	4
-0.5	4
-1.5	4
1.5	4
0.5	4
-0.5	4
-0.5	4
1.5	4
-0.5	4
25.5	4
-1.5	4
0.5	4
0.5	4
-0.5	4
-0.5	4
1.5	4
0.5	4
-0.5	4
-0.5	4
1.5	4
0.5	4
-0.5	4
-1.5	4
0.5	4
0.5	4
-1.5	4
-0.5	4
1.5	4
0.5	4
-0.5	4
-1.5	4
1.5	4
1	3
0	3
0	3
1	3
0	3
0	3
2	3
0	3
0	3
2	3
0	3
0	3
0	3
-2	3
6	3
1	3
-1	3
0	3
1	3
0	3
0	3
0	3
27	3
-1	3
1	3
0	3
0	3
1	3
0	3
0	3
1	3
0	3
0	3
2	3
0	3
0	3
1	3
0	3
0	3
1	3
0	3
0	3
1	3
0	3
0	3
1	3
0	3
0	3
1	3
0	3
0	3
2	3
0	3
0	3
1	3
-1	3
0	3
1	3
0	3
0	3
1	3
0	3
0	3
2	3
0	3
0	3
1	3
0	3
-2	3
2	3
0	3
0	3
1	3
0	3
0	3
1	3
0	3
0	3
1	3
0	3
0	3
1	3
0	3
0	3
1	3
0	3
0	3
2	3
0	3
0	3
2	3
0	3
0	3
0	3
-1	3
27	3
2	3
0	3
0	3
1	3
0	3
0	3
1	3
0	3
0	3
2	3
0	3
0	3
1	3
0	3
0	3
1	3
0	3
0	3
1	3
0	3
0	3
1	3
0	3
0	3
1	3
0	3
0	3
1	3
0	3
0	3
1	3
0	3
0	3
1	3
-1	3
0	3
1	3
0	3
0	3
0	3
-1	3
1	3
1	3
0	3
0	3
1	3
0	3
0	3
1	3
-1	3
0	3
1	3
0	3
0	3
1	3
0	3
0	3
1	3
0	3
0	3
1	3
0	3
0	3
1	3
0	3
0	3
1	3
0	3
0	3
1	3
0	3
0	3
2	3
0	3
0	3
1	3
0	3
0	3
1	3
0	3
0	3
1	3
-1	3
0	3
1	3
0	3
0	3
1	3
0	3
0	3
1	3
0	3
0	3
1	3
-1	3
0	3
1	3
0	3
0	3
1	3
0	3
0	3
1	3
0	3
0	3
1	3
0	3
0	3
1	3
0	3
0	3
0	3
-1	3
13	3
1	3
-1	3
0	3
2	3
0	3
0	3
1	3
0	3
0	3
2	3
-25	3
0	3
1	3
0	3
0	3
1	3
0	3
0	3
1	3
-1	3
0	3
1	3
0	3
0	3
1	3
0	3
0	3
1	3
0	3
0	3
1	3
0	3
0	3
1	3
0	3
0	3
2	3
0	3
0	3
0	3
-1	3
13	3
1	3
0	3
0	3
0	3
0	3
0	3
0	3
0	3
0	3
0	3
0	3
0	3
0	3
15	3
-14	3
0	3
0	3
-29	3
0	3
0	3
0	3
29	3
0	3
0	3
0	3
0	3
0	3
0	3
0	3
0	3
0	3
-14	3
0	3
0	3
0	3
0	3
0	3
0	3
0	3
0	3
1	3
0	3
0	3
0	3
0	3
0	3
1	3
0	3
0	3
0	3
0	3
0	3
0	3
0	3
0	3
1	3
0	3
0	3
0	3
0	3
0	3
1	3
0	3
0	3
0	3
0	3
0	3
0	3
0	3
0	3
2	3
0	3
-2	3
0	3
27	3
-1	3
1	3
0	3
-2	3
0	3
28	3
0	3
-13	3
14	3
0	3
2	3
0	3
0	3
2	3
0	3
-1	3
1	3
0	3
0	3
2	3
0	3
-1	3
0	3
42	3
0	3
2	3
0	3
0	3
2	3
0	3
-1	3
1	3
0	3
-1	3
1	3
0	3
0	3
2	3
0	3
0	3
2	3
0	3
-2	3
0	3
26	3
-1	3
1	3
0	3
0	3
2	3
0	3
-1	3
1	3
0	3
0	3
2	3
0	3
1	5
1	5
0	5
0	5
0	5
0	5
1	5
-2	5
-1	5
12	5
2	5
-28	5
0	5
1	5
-29	5
1	5
30	5
0	5
0	5
0	5
1	5
1	5
0	5
0	5
-29	5
1	5
1	5
-1	5
0	5
0	5
1	5
-55	5
0	5
0	5
-28	5
1	5
1	5
0	5
0	5
0	5
1	5
0	5
-1	5
-1	5
0	5
1	5
1	5
0	5
0	5
0	5
1	5
-35	5
0	5
0	5
-36	5
1	5
1	5
0	5
0	5
0	5
1	5
1	5
0	5
0	5
0	5
1	5
-27	5
-1	5
0	5
0	5
1	5
1	5
0	5
0	5
0	5
1	5
1	5
0	5
0	5
0	5
1	5
1	5
0	5
0	5
0	5
1	5
-41	5
0	5
0	5
0	5
1	5
1	5
-1	5
0	5
0	5
1	5
-27	5
0	5
0	5
0	5
0	5
4	5
-1	5
-1	5
17	5
0	5
1	5
-1	5
-1	5
0	5
1	3
0	3
0	3
2	3
0	3
-2	3
2	3
-1	3
0	3
1	3
0	3
0	3
1	3
0	3
0	3
1	3
0	3
0	3
1	3
0	3
0	3
1	3
0	3
0	3
65	3
0	3
0	3
1	3
0	3
0	3
1	3
0	3
0	3
1	3
0	3
-28	3
1	3
0	3
0	3
67	3
-28	3
0	3
1	3
0	3
0	3
1	3
0	3
0	3
1	3
0	3
-28	3
56	3
0	3
-1	3
1	3
0	3
0	3
1	3
0	3
0	3
51	3
0	3
0	3
0	3
0	3
-1	3
0.5	4
0.5	4
-0.5	4
-0.5	4
22	4
-14	4
-15	4
14	4
-3	4
1	4
0	4
0	4
0.5	4
0.5	4
-0.5	4
-0.5	4
-6	4
1	4
0	4
0	4
28.5	4
0.5	4
-0.5	4
-0.5	4
76.5	4
0.5	4
-0.5	4
-0.5	4
1	4
0	4
-1	4
0	4
9.5	4
0.5	4
-0.5	4
-12.5	4
0.5	4
0.5	4
-0.5	4
-0.5	4
43.5	4
0.5	4
-1.5	4
-0.5	4
-13.5	4
14.5	4
13.5	4
-42.5	4
29.5	4
0.5	4
-0.5	4
-0.5	4
0.5	4
0.5	4
-0.5	4
-0.5	4
0.5	4
0.5	4
-0.5	4
-0.5	4
10	4
-10	4
-12	4
17	4
14.5	4
-13.5	4
-14.5	4
13.5	4
0.5	4
0.5	4
-0.5	4
-0.5	4
0.5	4
0.5	4
-1.5	4
-0.5	4
7.5	4
0.5	4
-0.5	4
-28.5	4
0.5	4
0.5	4
-0.5	4
-0.5	4
0	3
0	3
-1	3
0	3
0	3
-1	3
10	3
0	3
-30	3
0	3
0	3
-1	3
0	3
0	3
-1	3
0	3
0	3
-1	3
0	3
0	3
-1	3
3	3
0	3
0	3
20	3
0	3
-1	3
16	3
0	3
-1	3
0	3
0	3
-30	3
0	3
0	3
-1	3
0	3
0	3
-1	3
23	3
0	3
-1	3
0	3
0	3
-1	3
29	3
0	3
-1	3
28	3
0	3
-1	3
0	3
0	3
-29	3
57	3
0	3
-1	3
0	3
0	3
-1	3
14	3
0	3
-1	3
28	3
0	3
-29	3
0	3
0	3
-1	3
0	3
0	3
-1	3
-10	3
0	3
2	3
-4	3
1	3
0	3
-28	3
1	3
0	3
0	3
0	3
-1	3
7	3
0	3
-1	3
-13	3
1	3
0	3
-31	3
1	3
0	3
0	3
0	3
-1	3
0	3
0	3
-1	3
0	3
0	3
-1	3
0	3
0	3
-2	3
-41	3
1	3
0	3
-26	3
2	3
0	3
0	3
0	3
-1	3
0	3
0	3
-1	3
-49	3
1	3
0	3
0	3
1	3
0	3
1	3
0	3
-1	3
-4	3
1	3
0	3
0	3
0	3
-1	3
2	5
0	5
0	5
2	5
0	5
22	5
27	5
-2	5
0	5
-2	5
2	5
0	5
0	5
2	5
0	5
2	5
0	5
-1	5
2	5
0	5
1	5
-1	5
-1	5
1	5
0	5
23	5
27	5
-2	5
0	5
-1	5
11	5
13	5
-2	5
0	5
-2	5
2	5
0	5
0	5
2	5
0	5
2	5
0	5
0	5
2	5
0	5
2	5
0	5
0	5
2	5
0	5
2	5
0	5
0	5
2	5
0	5
91	5
92	5
-2	5
0	5
-1	5
2	5
0	5
0	5
2	5
0	5
1	5
-1	5
-1	5
1	5
0	5
2	5
0	5
-1	5
2	5
0	5
2	5
0	5
0	5
2	5
0	5
2	5
0	5
0	5
2	5
0	5
1	5
0	5
-1	5
1	5
-1	5
2	5
0	5
0	5
2	5
0	5
64	5
54	5
-2	5
0	5
-2	5
1	5
82	5
-2	5
0	5
-1	5
0.5	4
-0.5	4
0.5	4
-0.5	4
-1.5	4
1.5	4
2.5	4
-2.5	4
0.5	4
-0.5	4
0.5	4
-0.5	4
0.5	4
-0.5	4
0.5	4
-0.5	4
1	4
0	4
-29	4
0	4
0	4
28	4
0	4
-1	4
0.5	4
-0.5	4
0.5	4
-0.5	4
1.5	4
-0.5	4
-13.5	4
0.5	4
1	4
0	4
-20	4
0	4
0.5	4
-0.5	4
0.5	4
-0.5	4
0.5	4
-0.5	4
0.5	4
-0.5	4
0.5	4
3.5	4
-24.5	4
-0.5	4
0.5	4
-0.5	4
0.5	4
-0.5	4
-14	4
14	4
15	4
-15	4
0.5	4
-0.5	4
0.5	4
-0.5	4
0.5	4
-0.5	4
0.5	4
-0.5	4
0.5	4
-0.5	4
0.5	4
-0.5	4
0.5	4
-0.5	4
0.5	4
-0.5	4
1	4
0	4
-27	4
0	4
0.5	4
-0.5	4
0.5	4
-0.5	4
1	4
0	4
-42	4
0	4
0.5	4
-0.5	4
0.5	4
-0.5	4
0	5
-1	5
0	5
-1	5
0	5
1	5
0	5
-37	5
0	5
-37	5
0	5
-1	5
0	5
-1	5
1	5
0	5
-1	5
0	5
-1	5
1	5
0	5
-1	5
0	5
-1	5
0	5
0	5
-1	5
0	5
-1	5
0	5
0	5
-1	5
0	5
-1	5
0	5
0	5
56	5
0	5
-1	5
0	5
0	5
-1	5
0	5
-1	5
0	5
0	5
-1	5
0	5
-1	5
0	5
0	5
27	5
0	5
-1	5
0	5
0	5
-1	5
0	5
-1	5
1	5
1	5
5	5
-71	5
0	5
-71	5
0	5
-1	5
0	5
-1	5
0	5
0	5
-1	5
0	5
-2	5
0	5
0	5
-1	5
0	5
-1	5
0	5
0	5
-1	5
0	5
-1	5
0	5
1	5
0	5
-14	5
0	5
-13	5
0	5
13	5
0	5
-2	5
0	5
1	5
7	5
-36	5
0	5
-36	5
0	5
-1	5
0	5
-1	5
0	5
0.5	4
-0.5	4
-0.5	4
0.5	4
0.5	4
-0.5	4
-1.5	4
0.5	4
0.5	4
-0.5	4
-0.5	4
1.5	4
0.5	4
-0.5	4
-0.5	4
1.5	4
0.5	4
-0.5	4
-1.5	4
0.5	4
0.5	4
-0.5	4
-0.5	4
0.5	4
0.5	4
-0.5	4
-0.5	4
1.5	4
0.5	4
-0.5	4
-1.5	4
0.5	4
1	4
0	4
0	4
-27	4
0.5	4
-0.5	4
-0.5	4
0.5	4
0	4
0	4
-1	4
1	4
1	4
0	4
0	4
-27	4
1	4
0	4
0	4
-27	4
-7.5	4
20.5	4
-8.5	4
7.5	4
0.5	4
-0.5	4
-0.5	4
0.5	4
0.5	4
-0.5	4
-0.5	4
1.5	4
0.5	4
-0.5	4
-0.5	4
0.5	4
1	4
0	4
0	4
-69	4
0.5	4
-0.5	4
-0.5	4
0.5	4
0.5	4
-0.5	4
-0.5	4
1.5	4
0.5	4
-0.5	4
-0.5	4
0.5	4
0.5	4
-0.5	4
-0.5	4
0.5	4
0.5	4
-0.5	4
-0.5	4
0.5	4
2.5	4
-1.5	4
1.5	4
-15.5	4
0.5	4
14.5	4
-0.5	4
-14.5	4
0.5	4
-0.5	4
-0.5	4
0.5	4
1	4
0	4
0	4
-28	4
1	4
0	4
0	4
0	4
0.5	4
-0.5	4
-0.5	4
0.5	4
0.5	4
-0.5	4
-0.5	4
28.5	4
0.5	4
-0.5	4
-0.5	4
0.5	4
0.5	4
-0.5	4
-0.5	4
0.5	4
-14	4
14	4
-15	4
15	4
0	4
0	4
-1	4
0	4
8.5	4
-7.5	4
7.5	4
-35.5	4
0.5	4
-0.5	4
-0.5	4
0.5	4
0.5	4
-0.5	4
-0.5	4
0.5	4
1	4
0	4
0	4
-27	4
14.5	4
-14.5	4
13.5	4
-13.5	4
0.5	4
-0.5	4
-0.5	4
0.5	4
0.5	4
-0.5	4
-0.5	4
0.5	4
0.5	4
-0.5	4
-0.5	4
0.5	4
1	4
0	4
0	4
-13	4
0.5	4
-0.5	4
-0.5	4
0.5	4
1	4
0	4
-1	4
0	4
1	4
0	4
-1	4
0	4
0	5
-1	5
-1	5
0	5
0	5
0	5
-1	5
-1	5
0	5
0	5
0	5
-1	5
-1	5
0	5
0	5
0	5
-1	5
-1	5
0	5
0	5
0	5
-1	5
-1	5
1	5
0	5
1	5
0	5
-1	5
1	5
0	5
0	5
28	5
-1	5
0	5
0	5
0	5
-1	5
-1	5
0	5
0	5
0	5
-1	5
-1	5
1	5
0	5
0	5
-1	5
-1	5
0	5
0	5
1	5
0	5
0	5
1	5
0	5
0	5
-1	5
-1	5
0	5
0	5
0	5
-1	5
-1	5
0	5
0	5
0	5
-1	5
-1	5
0	5
0	5
0	5
28	5
-1	5
1	5
0	5
1	5
6	5
-1	5
-23	5
0	5
0	5
-1	5
-1	5
0	5
0	5
0	5
28	5
-1	5
1	5
0	5
0	5
-1	5
-1	5
1	5
0	5
0	5
-1	5
-1	5
0	5
0	5
0.5	4
-0.5	4
0.5	4
-0.5	4
0.5	4
-0.5	4
0.5	4
-5.5	4
0.5	4
-0.5	4
0.5	4
-0.5	4
0.5	4
-0.5	4
0.5	4
-0.5	4
0.5	4
-0.5	4
0.5	4
-0.5	4
0.5	4
-0.5	4
0.5	4
-0.5	4
0.5	4
-0.5	4
0.5	4
-0.5	4
8	4
7	4
-20	4
-7	4
1	4
-1	4
0	4
0	4
0.5	4
-0.5	4
0.5	4
-0.5	4
0	4
-1	4
0	4
5	4
0	4
-1	4
0	4
7	4
0.5	4
-0.5	4
0.5	4
-0.5	4
0.5	4
-0.5	4
0.5	4
-0.5	4
7	4
6	4
-6	4
-7	4
0.5	4
-0.5	4
0.5	4
-0.5	4
0.5	4
-0.5	4
0.5	4
-0.5	4
0.5	4
-0.5	4
0.5	4
-0.5	4
1	4
-1	4
0	4
0	4
1.5	4
-0.5	4
0.5	4
-3.5	4
0.5	4
-0.5	4
0.5	4
-0.5	4
1	4
0	4
0	4
0	4
0.5	4
-0.5	4
0.5	4
-0.5	4
0.5	4
-0.5	4
11.5	4
-19.5	4
0.5	4
-0.5	4
0.5	4
-0.5	4
1.5	4
-0.5	4
0.5	4
-0.5	4
0.5	4
-0.5	4
0.5	4
-0.5	4
0.5	4
-0.5	4
0.5	4
-0.5	4
1.5	4
-0.5	4
0.5	4
-1.5	4
0.5	4
-0.5	4
0.5	4
-0.5	4
0.5	4
-0.5	4
0.5	4
-7.5	4
0.5	4
-0.5	4
0.5	4
-0.5	4
1	4
-1	4
0	4
0	4
0.5	4
-0.5	4
0.5	4
-0.5	4
0.5	4
-0.5	4
0.5	4
-0.5	4
0.5	4
-0.5	4
0.5	4
-0.5	4
0.5	4
-1.5	4
0.5	4
-0.5	4
0.5	4
-0.5	4
0.5	4
-0.5	4
0.5	4
-0.5	4
0.5	4
-0.5	4
0.5	4
-0.5	4
0.5	4
-36.5	4
0.5	4
-0.5	4
0.5	4
-0.5	4
0.5	4
-0.5	4
0.5	4
-0.5	4
0.5	4
-0.5	4
0.5	4
-8.5	4
0.5	4
-0.5	4
0.5	4
-0.5	4
1	5
0	5
0	5
0	5
0	5
1	5
0	5
1	5
0	5
0	5
1	5
-1	5
0	5
0	5
0	5
1	5
0	5
1	5
0	5
0	5
1	5
0	5
0	5
0	5
0	5
0	5
-1	5
0	5
-1	5
31	5
1	5
0	5
1	5
0	5
0	5
1	5
0	5
0	5
0	5
0	5
2	5
0	5
1	5
0	5
0	5
1	5
0	5
1	5
0	5
0	5
1	5
0	5
0	5
0	5
14	5
1	5
0	5
-43	5
0	5
-1	5
1	5
-1	5
0	5
0	5
0	5
1	5
0	5
1	5
0	5
0	5
1	5
0	5
1	5
0	5
0	5
1	5
0	5
0	5
0	5
0	5
1	5
0	5
1	5
0	5
0	5
1	5
0	5
0	5
0	5
28	5
1	5
0	5
0	5
0	5
0	5
0	5
-1	5
0	5
-1	5
2	5
1	5
0	5
0	5
0	5
0	5
1	4
0	4
0	4
0	4
1	4
0	4
-29	4
0	4
1	4
0	4
0	4
0	4
0.5	4
-0.5	4
0.5	4
-0.5	4
1	4
0	4
0	4
0	4
1	4
0	4
0	4
0	4
1	4
0	4
0	4
0	4
0.5	4
-0.5	4
-0.5	4
27.5	4
1	4
0	4
0	4
0	4
0.5	4
-0.5	4
0.5	4
-0.5	4
0	4
-1	4
0	4
27	4
1	4
-1	4
0	4
0	4
3.5	4
2.5	4
-30.5	4
-2.5	4
0.5	4
-0.5	4
0.5	4
-0.5	4
0.5	4
-0.5	4
0.5	4
-0.5	4
0	4
-1	4
0	4
27	4
3.5	4
2.5	4
-2.5	4
-3.5	4
0.5	4
-0.5	4
0.5	4
-0.5	4
0.5	4
-0.5	4
0.5	4
-0.5	4
0.5	4
-0.5	4
-53.5	4
1.5	4
1.5	4
-0.5	4
0.5	4
-0.5	4
1	4
0	4
0	4
0	4
1	4
0	4
-36	4
0	4
1	4
0	4
0	4
0	4
1	4
-1	4
0	4
0	4
0.5	4
-0.5	4
0.5	4
-0.5	4
1	4
0	4
-28	4
0	4
1	4
0	4
-42	4
0	4
0.5	4
-0.5	4
0.5	4
-28.5	4
0.5	4
-0.5	4
0.5	4
-0.5	4
0.5	4
-0.5	4
0.5	4
-0.5	4
0.5	4
-0.5	4
0.5	4
-0.5	4
1	4
0	4
0	4
0	4
4	4
3	4
-30	4
-3	4
0.5	4
-0.5	4
0.5	4
-0.5	4
1	4
0	4
-1	4
0	4
0.5	4
-0.5	4
0.5	4
-0.5	4
5	4
3	4
-31	4
-3	4
0.5	4
-0.5	4
0.5	4
-0.5	4
1	4
0	4
0	4
0	4
0.5	4
-0.5	4
0.5	4
-0.5	4
7.5	4
6.5	4
-6.5	4
-7.5	4
0	4
-1	4
0	4
0	4
0.5	4
-0.5	4
0.5	4
-0.5	4
0.5	4
-0.5	4
0.5	4
-0.5	4
0.5	4
-0.5	4
1.5	4
-0.5	4
0.5	4
-1.5	4
0.5	4
-0.5	4
0.5	4
-0.5	4
1.5	4
-0.5	4
0.5	4
-0.5	4
1.5	4
-0.5	4
0	4
-1	4
0	4
28	4
0	4
-2	4
0	4
56	4
0	4
-2	4
2	4
0	4
0.5	4
-0.5	4
0.5	4
-0.5	4
0.5	4
-0.5	4
0.5	4
-0.5	4
0.5	4
-0.5	4
0.5	4
-0.5	4
0.5	4
-0.5	4
0.5	4
-0.5	4
0.5	4
-0.5	4
0.5	4
-0.5	4
1	4
-1	4
1	4
-1	4
0.5	4
-1.5	4
0.5	4
-0.5	4
0.5	4
-0.5	4
0.5	4
-0.5	4
0.5	4
-0.5	4
0.5	4
-0.5	4
0.5	4
-0.5	4
0.5	4
-0.5	4
0.5	4
-0.5	4
-39.5	4
1.5	4
0.5	4
-0.5	4
1.5	4
-0.5	4
-1	4
0	4
0	4
0	4
0	4
0	4
1	4
0	4
-0.5	4
0.5	4
0.5	4
-0.5	4
-1	4
0	4
0	4
0	4
-1	4
0	4
0	4
0	4
-1	4
0	4
1	4
0	4
-0.5	4
0.5	4
0.5	4
-0.5	4
-0.5	4
0.5	4
0.5	4
-14.5	4
-1	4
0	4
0	4
0	4
-0.5	4
0.5	4
0.5	4
-0.5	4
-0.5	4
0.5	4
0.5	4
-0.5	4
0.5	4
-50.5	4
1.5	4
-0.5	4
-0.5	4
0.5	4
0.5	4
-0.5	4
-0.5	4
0.5	4
0.5	4
-0.5	4
-0.5	4
0.5	4
0.5	4
-0.5	4
-1	4
0	4
0	4
0	4
-1	4
0	4
0	4
0	4
-0.5	4
0.5	4
0.5	4
-0.5	4
-1	4
0	4
0	4
0	4
0	4
-13	4
1	4
0	4
-0.5	4
0.5	4
0.5	4
-0.5	4
0	5
-1	5
0	5
0	5
0	5
0	5
-1	5
0	5
0	5
-1	5
0	5
-1	5
0	5
-1	5
4	5
0	5
-1	5
0	5
0	5
-1	5
0	5
-1	5
0	5
0	5
-1	5
0	5
-1	5
0	5
0	5
0	5
0	5
-1	5
0	5
0	5
-1	5
0	5
-1	5
-13	5
0	5
1	5
0	5
-1	5
0	5
0	5
0	5
0	5
-1	5
0	5
0	5
-1	5
1	5
-1	5
0	5
0	5
0	5
0	5
-1	5
0	5
-10	5
0	5
1	5
0	5
-27	5
-9	5
0	5
1	5
0	5
1	5
-9	5
0	5
0	5
-1	5
28	5
-10	5
0	5
1	5
0	5
1	5
-9	5
0	5
1	5
0	5
1	5
-10	5
0	5
1	5
0	5
0	5
-11	5
-2	5
1	5
0	5
-13	5
-9	5
0	5
1	5
0	5
0	5
-11	5
5	5
1	5
-1	5
0	5
-10	5
0	5
1	5
0	5
-1	5
-1	5
0	5
0	5
0	5
-1	5
-1	5
0	5
1	5
0	5
0	5
0	5
0	5
1	5
0	5
-1	5
-1	5
0	5
1	5
0	5
0	5
0	5
1	5
0	5
0	5
-1	5
-1	5
0	5
0	5
0	5
-1	5
-1	5
0	5
1	5
0	5
0	5
0	5
1	5
1	5
0	5
0	5
0	5
1	5
0	5
0	5
-1	5
-1	5
0	5
0	5
0	5
-1	5
-1	5
0	5
1	5
0	5
0	5
0	5
0	5
1	5
0	5
0	5
0	5
1	5
1	5
0	5
0	5
0	5
1	5
1	5
0	5
0	5
0	5
1	5
1	5
0	5
0	5
0	5
1	5
1	5
0	5
0	5
0	5
0	5
1	5
0	5
-1	5
-1	5
0	5
1	5
0	5
0	5
0	5
1	5
1	5
0	5
-1	5
-1	5
0	5
1	5
0	5
0	5
0	5
1	5
0	5
-1	5
0	5
0	5
-1	5
0	5
-1	5
0	5
0	5
0	5
1	5
-1	5
20	5
0	5
0	5
1	5
0	5
0	5
0	5
0	5
0	5
-1	5
0	5
0	5
0	5
0	5
-1	5
0	5
0	5
-1	5
0	5
-1	5
43	5
0	5
43	5
0	5
-1	5
0	5
0	5
-1	5
0	5
-1	5
2	5
0	5
1	5
1	5
0	5
0	5
0	5
0	5
1	5
0	5
-56	5
1	5
0	5
0	5
-1	5
0	5
0	5
-1	5
0	5
-1	5
0	5
0	5
-1	5
1	5
-1	5
0	5
0	5
0	5
1	5
0	5
0	5
1	5
0	5
0	5
-1	5
0	5
0	5
-1	5
1	5
-1	5
0	5
0	5
0	5
0	5
-1	5
0	5
0	5
-1	5
0	5
-1	5
0	5
0	5
0	5
1	5
-1	5
0	5
0	5
14	5
0	5
-1	5
0	5
0	5
-1	5
1	5
-1	5
1	5
0	5
0	5
-1	4
0	4
0	4
0	4
-1	4
0	4
0	4
0	4
-1	4
0	4
0	4
29	4
0	4
0	4
0	4
0	4
0	4
0	4
1	4
0	4
-0.5	4
0.5	4
0.5	4
-0.5	4
-0.5	4
0.5	4
0.5	4
-0.5	4
-0.5	4
0.5	4
0.5	4
-0.5	4
0	4
-2	4
1	4
0	4
-0.5	4
0.5	4
0.5	4
-0.5	4
0	4
0	4
0	4
0	4
-0.5	4
0.5	4
0.5	4
-0.5	4
-1	4
0	4
0	4
35	4
-0.5	4
0.5	4
0.5	4
-0.5	4
-0.5	4
0.5	4
0.5	4
-0.5	4
-0.5	4
0.5	4
0.5	4
-0.5	4
-1	4
0	4
0	4
0	4
-0.5	4
0.5	4
0.5	4
-0.5	4
-0.5	4
0.5	4
0.5	4
-0.5	4
0	4
0	4
0	4
52	4
0	4
0	4
1	4
0	4
0	5
-1	5
0	5
2	5
0	5
0	5
-1	5
0	5
1	5
-2	5
1	5
0	5
0	5
2	5
0	5
0	5
-1	5
0	5
1	5
-1	5
0	5
-1	5
0	5
2	5
-1	5
1	5
0	5
0	5
2	5
0	5
0	5
-1	5
-1	5
1	5
28	5
0	5
-1	5
0	5
2	5
-1	5
0	5
-1	5
0	5
2	5
-1	5
0	5
-1	5
0	5
2	5
4	5
1	5
0	5
-14	5
2	5
0	5
1	5
0	5
0	5
2	5
0	5
0	5
-1	5
0	5
2	5
0	5
0	5
-2	5
0	5
1	5
0	5
0	5
-1	5
0	5
2	5
-1	5
0	5
-1	5
0	5
2	5
-1	5
0	5
-1	5
0	5
2	5
-1	5
0	5
-1	5
0	5
2	5
28	5
0	5
-1	5
0	5
1	5
-1	5
0	5
-1	5
0	5
1	5
-1	5
0	5
-1	5
0	5
2	5
-1	5
0	5
-1	5
0	5
2	5
0	5
0	5
-1	5
0	5
2	5
0	5
0.5	4
-1.5	4
0.5	4
-0.5	4
0.5	4
-0.5	4
0.5	4
-0.5	4
0.5	4
-0.5	4
0.5	4
-0.5	4
0	4
-1	4
0	4
6	4
0.5	4
-0.5	4
0.5	4
-0.5	4
0.5	4
-1.5	4
0.5	4
-0.5	4
0.5	4
-0.5	4
0.5	4
-0.5	4
0.5	4
-0.5	4
0.5	4
-0.5	4
0.5	4
-0.5	4
0.5	4
-0.5	4
0.5	4
-0.5	4
0.5	4
-0.5	4
0.5	4
-0.5	4
0.5	4
-0.5	4
0.5	4
-0.5	4
0.5	4
-0.5	4
0.5	4
-0.5	4
0.5	4
-0.5	4
0	4
-1	4
0	4
28	4
0.5	4
-0.5	4
0.5	4
-0.5	4
0.5	4
-0.5	4
0.5	4
-0.5	4
0.5	4
-1.5	4
0.5	4
-0.5	4
0.5	4
-1.5	4
0.5	4
-0.5	4
0.5	4
-0.5	4
0.5	4
-2.5	4
0	4
-1	4
0	4
13	4
0.5	4
-1.5	4
0.5	4
-0.5	4
0	4
-1	4
0	4
0	4
0.5	4
-0.5	4
0.5	4
-0.5	4
0	4
-1	4
0	4
0	4
0.5	4
-0.5	4
0.5	4
-0.5	4
0.5	4
-0.5	4
0.5	4
-0.5	4
0	4
-1	4
0	4
29	4
0	4
-1	4
0	4
0	4
0	4
-1	4
0	4
0	4
0.5	4
-0.5	4
0.5	4
-0.5	4
0.5	4
-0.5	4
0.5	4
-0.5	4
0.5	4
-0.5	4
0.5	4
-0.5	4
0.5	4
-0.5	4
0.5	4
-0.5	4
0	4
-1	4
0	4
0	4
0.5	4
-0.5	4
0.5	4
-0.5	4
0	4
-1	4
0	4
5	4
0.5	4
-0.5	4
0.5	4
-0.5	4
0.5	4
-0.5	4
0.5	4
-28.5	4
0.5	4
-0.5	4
0.5	4
-0.5	4
0	4
-1	4
0	4
27	4
0	4
-2	4
0	4
0	4
0.5	4
-0.5	4
0.5	4
-0.5	4
0	4
-1	4
0	4
2	4
0	4
-1	4
0	4
0	4
0	5
-1	5
0	5
0	5
-1	5
1	5
0	5
0	5
1	5
0	5
0	5
-1	5
0	5
0	5
-1	5
0	5
-1	5
0	5
0	5
-1	5
1	5
0	5
0	5
0	5
-1	5
0	5
-1	5
0	5
0	5
-1	5
0	5
-1	5
0	5
0	5
-1	5
1	5
0	5
0	5
1	5
0	5
1	5
0	5
0	5
1	5
0	5
1	5
-1	5
0	5
0	5
-1	5
1	5
0	5
0	5
0	5
-1	5
1	5
0	5
0	5
1	5
0	5
1	5
0	5
-14	5
0	5
-1	5
0	5
-1	5
0	5
0	5
13	5
0	5
-1	5
-1	5
0	5
13	5
1	5
0	5
0	5
1	5
0	5
0	5
-1	5
0	5
0	5
-1	5
1	5
-1	5
-23	5
0	5
4	5
0	5
-1	5
-1	5
0	5
27	5
0	5
-1	5
0	5
0	5
13	5
1	5
0	5
0	5
0	5
4	5
1	5
0	5
0	5
0	5
-1	5
-1	4
0	4
0	4
0	4
47	4
0	4
0	4
0	4
-0.5	4
0.5	4
-0.5	4
0.5	4
-1	4
0	4
0	4
0	4
-1	4
0	4
0	4
0	4
-1	4
0	4
0	4
1	4
-0.5	4
0.5	4
-0.5	4
0.5	4
-0.5	4
0.5	4
-11.5	4
0.5	4
-0.5	4
0.5	4
-0.5	4
0.5	4
-1	4
0	4
0	4
0	4
-1	4
0	4
0	4
0	4
-0.5	4
0.5	4
-0.5	4
0.5	4
-1	4
0	4
0	4
0	4
0	4
0	4
0	4
1	4
-0.5	4
0.5	4
-0.5	4
0.5	4
-1	4
0	4
0	4
0	4
-0.5	4
0.5	4
-0.5	4
0.5	4
-0.5	4
0.5	4
-0.5	4
0.5	4
0	4
0	4
-18	4
1	4
0	4
0	4
0	4
1	4
-0.5	4
0.5	4
-0.5	4
0.5	4
-0.5	4
0.5	4
-0.5	4
0.5	4
0	5
-1	5
0	5
0	5
-1	5
0	5
-1	5
0	5
0	5
19	5
0	5
-1	5
0	5
0	5
-1	5
0	5
-2	5
-1	5
0	5
27	5
0	5
-1	5
0	5
0	5
28	5
0	5
-1	5
0	5
0	5
28	5
0	5
-1	5
0	5
1	5
-1	5
0	5
-1	5
0	5
0	5
-4	5
0	5
-1	5
0	5
0	5
-1	5
0	5
-1	5
0	5
0	5
-1	5
1	5
-1	5
0	5
1	5
0	5
0	5
-1	5
0	5
0	5
-1	5
0	5
-1	5
0	5
0	5
-1	5
0	5
-1	5
0	5
0	5
13	5
0	5
-1	5
0	5
0	5
-1	5
0	5
-1	5
0	5
0	5
-1	5
1	5
0	5
0	5
1	5
0	5
0	5
-1	5
0	5
0	5
-1	5
0	5
-1	5
0	5
0	5
-1	5
0	5
-1	5
0	5
0	5
-3	5
0	5
-1	5
0	5
0	5
-1	5
0	5
-1	5
0	5
0	5
-3	5
1	5
0	5
0	5
1	5
0	5
-1	5
0	5
0	5
0	5
-1	5
-1	5
0	5
1	5
0	5
0	5
-1	5
0	5
1	5
0	5
14	5
-1	5
0	5
0	5
0	5
-1	5
-1	5
0	5
0	5
0	5
-1	5
-1	5
0	5
0	5
0	5
-1	5
-1	5
0	5
0	5
0	5
-1	5
-1	5
0	5
0	5
0	5
-1	5
0	5
0	5
1	5
1	5
0	5
-1	5
0	5
0	5
0	5
-1	5
-1	5
0	5
0	5
0	5
-1	5
-1	5
0	5
0	5
0	5
-1	5
-1	5
0	5
0	5
0	5
-1	5
-1	5
0	5
0	5
0	5
-1	5
-1	5
0	5
0	5
0	5
-1	5
-1	5
0	5
0	5
0	5
-1	5
0	5
-28	5
1	5
1	5
-42	5
0	5
-27	5
1	5
1	5
-28	5
0	5
-7	5
1	5
1	5
-8	5
-1	5
0	5
0	5
0	5
-1	5
-1	5
0	5
1	5
1	5
0	5
0	5
0	5
1	5
1	5
0	5
0.5	4
-1.5	4
0.5	4
-0.5	4
0.5	4
-0.5	4
0.5	4
-0.5	4
0.5	4
-0.5	4
0.5	4
-0.5	4
1	4
-1	4
0	4
0	4
0	4
-1	4
0	4
14	4
1	4
0	4
0	4
0	4
0.5	4
-0.5	4
0.5	4
-0.5	4
0.5	4
-0.5	4
0.5	4
-0.5	4
-18	4
18	4
-18	4
37	4
0.5	4
-0.5	4
0.5	4
-0.5	4
0.5	4
-0.5	4
0.5	4
-0.5	4
0.5	4
-0.5	4
0.5	4
-0.5	4
0.5	4
-0.5	4
0.5	4
-0.5	4
1	4
0	4
0	4
0	4
0	4
-1	4
0	4
0	4
-3.5	4
3.5	4
-3.5	4
5.5	4
0.5	4
-0.5	4
0.5	4
-0.5	4
-1	4
1	4
-2	4
27	4
0.5	4
-0.5	4
0.5	4
-0.5	4
3	4
-3	4
3	4
-3	4
1	4
-1	4
0	4
0	4
0	4
-1	4
0	4
14	4
0	4
0	4
0	4
-11	4
0.5	4
-0.5	4
0.5	4
-0.5	4
0	4
0	4
0	4
0	4
-1	5
0	5
1	5
0	5
-1	5
-1	5
0	5
1	5
0	5
-1	5
-1	5
0	5
1	5
0	5
-1	5
-2	5
0	5
1	5
0	5
28	5
-1	5
0	5
1	5
0	5
-1	5
-2	5
0	5
1	5
0	5
6	5
-1	5
0	5
1	5
0	5
-1	5
-2	5
0	5
1	5
0	5
-1	5
-2	5
-1	5
0	5
0	5
6	5
-1	5
0	5
1	5
0	5
-1	5
-1	5
0	5
1	5
1	5
0	5
-1	5
0	5
1	5
0	5
-1	5
-2	5
-1	5
0	5
0	5
55	5
-43	5
-42	5
1	5
1	5
0	5
-1	5
0	5
1	5
0	5
-1	5
-1	5
0	5
1	5
0	5
-1	5
-1	5
0	5
2	5
1	5
0	5
-1	5
0	5
1	5
0	5
-2	5
-1	5
0	5
0	5
0	5
13	5
-1	5
0	5
1	5
0	5
-1	5
-1	5
0	5
1	5
1	5
0	5
-1	4
0	4
0	4
0	4
-1	4
0	4
0	4
14	4
-1	4
0	4
0	4
29	4
-0.5	4
0.5	4
0.5	4
-0.5	4
-0.5	4
0.5	4
0.5	4
-0.5	4
-0.5	4
0.5	4
0.5	4
-0.5	4
-1	4
0	4
0	4
0	4
-1	4
0	4
0	4
0	4
0	4
-59	4
1	4
0	4
-1	4
0	4
0	4
0	4
-8	4
7	4
-7	4
21	4
-0.5	4
-25.5	4
0.5	4
1.5	4
0	4
0	4
1	4
0	4
-1	4
0	4
1	4
0	4
0	4
0	4
1	4
0	4
-1	4
0	4
1	4
0	4
-0.5	4
0.5	4
0.5	4
-0.5	4
-1	4
-44	4
1	4
4	4
-1	4
0	4
1	4
0	4
-1	4
0	4
1	4
0	4
-0.5	4
0.5	4
0.5	4
-0.5	4
-0.5	4
0.5	4
0.5	4
-0.5	4
0	5
1	5
0	5
0	5
1	5
0	5
1	5
0	5
0	5
1	5
-1	5
0	5
-1	5
29	5
1	5
-1	5
0	5
-1	5
0	5
1	5
0	5
1	5
0	5
0	5
1	5
0	5
1	5
0	5
0	5
1	5
0	5
1	5
0	5
0	5
1	5
-1	5
0	5
-1	5
8	5
0	5
-1	5
0	5
-1	5
0	5
0	5
0	5
1	5
0	5
0	5
1	5
0	5
1	5
0	5
0	5
1	5
0	5
1	5
0	5
0	5
1	5
-1	5
0	5
-1	5
0	5
0	5
0	5
1	5
0	5
0	5
1	5
0	5
1	5
0	5
0	5
1	5
0	5
1	5
0	5
0	5
1	5
-1	5
0	5
-1	5
13	5
0	5
-1	5
0	5
-1	5
28	5
0	5
0	5
1	5
0	5
-28	5
1	5
-1	5
0	5
-1	5
0	5
0	5
-1	5
0	5
-1	5
26	5
0	5
-36	5
-36	5
0	5
6	5
1	5
-1	5
0	5
-1	5
0	5
1	5
-1	4
0	4
0	4
0	4
-1	4
0	4
0	4
0	4
-1	4
0	4
0	4
1	4
-1	4
0	4
0	4
0	4
-1	4
0	4
0	4
0	4
-1	4
0	4
0	4
0	4
-1	4
0	4
0	4
0	4
-1	4
0	4
0	4
0	4
-1	4
0	4
0	4
0	4
-1	4
0	4
0	4
1	4
-1	4
0	4
0	4
0	4
-1	4
0	4
0	4
0	4
-1	4
0	4
0	4
0	4
-1	4
0	4
0	4
0	4
-1	4
0	4
0	4
1	4
-1	4
0	4
0	4
0	4
-1	4
0	4
0	4
0	4
-1	4
0	4
0	4
1	4
-1	4
0	4
0	4
0	4
-1	4
0	4
0	4
0	4
-0.5	4
-15.5	4
0.5	4
1.5	4
-1	4
0	4
0	4
0	4
-1	4
0	4
0	4
1	4
-1	4
0	4
0	4
1	4
-1	3
0	3
0	3
-1	3
0	3
0	3
-1	3
0	3
0	3
-1	3
0	3
0	3
-1	3
0	3
0	3
-1	3
0	3
0	3
-1	3
0	3
0	3
-1	3
0	3
0	3
-1	3
0	3
0	3
-1	3
0	3
0	3
-1	3
0	3
0	3
0	3
0	3
0	3
-1	3
0	3
0	3
-1	3
0	3
0	3
-1	3
0	3
0	3
-1	3
0	3
0	3
-1	3
0	3
0	3
-1	3
0	3
0	3
-1	3
0	3
0	3
-1	3
0	3
0	3
-1	3
0	3
0	3
-1	3
0	3
0	3
-0.5	4
0.5	4
-0.5	4
0.5	4
0.5	4
-0.5	4
0.5	4
-0.5	4
-0.5	4
0.5	4
-0.5	4
0.5	4
-1	4
0	4
44	4
0	4
0	4
0	4
44	4
0	4
-1	4
0	4
29	4
0	4
-0.5	4
0.5	4
-0.5	4
0.5	4
-1	4
0	4
0	4
0	4
-0.5	4
0.5	4
-0.5	4
0.5	4
-0.5	4
0.5	4
-0.5	4
0.5	4
0	4
1	4
0	4
0	4
-1	4
0	4
0	4
0	4
-1	4
0	4
14	4
0	4
-0.5	4
0.5	4
-28.5	4
0.5	4
-1	4
0	4
0	4
0	4
-0.5	4
0.5	4
-0.5	4
0.5	4
-0.5	4
0.5	4
-0.5	4
0.5	4
-0.5	4
0.5	4
-0.5	4
0.5	4
-0.5	4
0.5	4
-0.5	4
0.5	4
-1	4
0	4
1	4
0	4
-0.5	4
1.5	4
-0.5	4
0.5	4
-1	4
0	4
0	4
0	4
-1	4
0	4
2	4
0	4
-1.5	4
0.5	4
-0.5	4
0.5	4
-1	4
0	4
0	4
0	4
-1	4
0	4
0	4
0	4
-0.5	4
-33.5	4
2.5	4
0.5	4
-0.5	4
0.5	4
-0.5	4
0.5	4
-1	4
0	4
28	4
0	4
-1	4
0	4
1	4
0	4
-0.5	4
0.5	4
-0.5	4
0.5	4
-0.5	4
0.5	4
-0.5	4
0.5	4
-1.5	4
-0.5	4
42.5	4
0.5	4
2	4
-2	4
-2	4
3	4
-1.5	4
0.5	4
26.5	4
-0.5	4
-0.5	4
0.5	4
-0.5	4
0.5	4
-1	4
0	4
0	4
0	4
-0.5	4
0.5	4
-0.5	4
0.5	4
-1	4
0	4
27	4
0	4
2.5	4
-29.5	4
-2.5	4
3.5	4
-0.5	4
0.5	4
-0.5	4
0.5	4
-1	4
0	4
2	4
0	4
-1	4
0	4
0	4
0	4
-1	4
0	4
0	4
0	4
-1.5	4
0.5	4
0.5	4
-0.5	4
-1	4
0	4
1	4
0	4
-1	4
0	4
0	4
0	4
-1	4
0	4
1	4
0	4
-1	4
0	4
1	4
0	4
-1	4
0	4
0	4
0	4
-1	4
0	4
0	4
0	4
-1	4
0	4
0	4
0	4
-1	4
0	4
0	4
0	4
-1	4
0	4
1	4
0	4
-1	4
0	4
0	4
0	4
-1	4
0	4
0	4
0	4
-1	4
0	4
1	4
0	4
-1	4
0	4
0	4
0	4
-1	4
0	4
0	4
0	4
-1	4
0	4
0	4
0	4
-1	4
0	4
0	4
0	4
-1	4
0	4
1	4
0	4
-1	4
0	4
0	4
0	4
-1	4
0	4
1	4
0	4
-1	4
0	4
0	4
0	4
-1	4
0	4
0	4
0	4
-1	4
0	4
0	4
0	4
-1	5
0	5
0	5
0	5
0	5
-1	5
0	5
0	5
0	5
-1	5
-1	5
0	5
0	5
0	5
0	5
0	5
0	5
1	5
0	5
15	5
-1	5
0	5
0	5
0	5
-1	5
-1	5
0	5
0	5
0	5
29	5
-1	5
0	5
0	5
0	5
2	5
-1	5
0	5
0	5
0	5
-1	5
-1	5
0	5
0	5
0	5
0	5
-1	5
0	5
0	5
0	5
-1	5
-1	5
0	5
1	5
0	5
28	5
-1	5
0	5
0	5
0	5
0	5
-1	5
0	5
0	5
0	5
0	5
0	5
-25	5
1	5
0	5
-4	5
-1	5
0	5
0	5
0	5
-1	5
-1	5
0	5
0	5
0	5
-1	5
-1	5
0	5
0	5
0	5
-1	5
-1	5
0	5
0	5
0	5
0	5
-1	5
0	5
0	5
0	5
-1	5
-1	5
0	5
1	5
0	5
0	5
-1	5
0	5
1	5
0	5
0	5
-1	5
0	5
0	5
0	5
-1	5
-1	5
0	5
0	5
0	5
0	5
-1	5
0	5
0	5
0	5
1	5
-1	5
0	5
0	5
0	5
-1	5
-1	5
0	5
0	5
0	5
-1	5
-1	5
0	5
1	5
0	5
0	5
-1	5
0	5
1	5
0	5
7	5
-1	5
0	5
0	5
0	5
58	5
-1	5
0	5
0	5
0	5
-1	5
0	5
-43	5
1	5
1	5
-1	5
-1	5
0	5
0	5
0	5
43	5
-1	5
0	5
1	5
0	5
0	5
-1	5
0	5
1	5
0	5
28	5
-1	5
0	5
0	5
0	5
-1	5
-1	5
0	5
0	5
0	5
-1	5
-1	5
0	5
1	5
0	5
42	5
-1	5
0	5
0	5
0	5
28	5
-1	5
0	5
0	5
0	5
-1	5
-1	5
0	5
0	5
0	5
28	5
-1	5
0	5
0	5
0	5
14	5
-1	5
-56	5
0	5
0	5
1	5
-1	5
0	5
1	5
1	5
0	5
0	5
-64	5
1	5
1	5
0	5
-1	5
0	5
0	5
0	5
-1	5
-1	5
0	5
0	5
0	5
0	5
-1	5
0	5
0	5
0	5
9	5
0	5
0	5
1	5
0	5
0	5
-1	5
0	5
0	5
-1	5
28	5
-1	5
0	5
0	5
0	5
29	5
-1	5
0	5
0	5
0	5
28	5
0	5
-14	5
1	5
1	5
0	5
-1	5
0	5
0	5
0	5
-1	5
-1	5
0	5
0	5
0	5
-1	5
-1	5
0	5
0	5
0	5
1	5
0	5
1	5
1	5
0	5
0	5
-1	5
0	5
0	5
0	5
27	5
-1	5
0	5
0	5
0	5
27	5
-1	5
-9	5
0	5
0	5
18	5
-1	5
0	5
0	5
0	5
-1	5
0	5
-13	5
1	5
1	5
0	5
-1	5
0	5
0	5
0	5
-1	5
-1	5
0	5
1	5
0	5
28	5
0	5
1	5
1	5
0	5
0	5
-1	5
0	5
0	5
0	5
-4	5
-1	5
0	5
0	5
0	5
0	5
-1	5
1	5
0	5
0	5
2	5
-1	5
0	5
0	5
0	5
-1	5
0	5
1	5
1	5
0	5
0	5
0	5
1	5
0	5
0	5
0	5
0	5
1	5
0	5
29	5
0	5
0	5
1	5
1	5
0	5
0	5
0	5
1	5
0	5
0	5
-1	5
0	5
1	5
1	5
0	5
0	5
0	5
1	5
1	5
0	5
0	5
0	5
1	5
1	5
0	5
0	5
0	5
1	5
1	5
0	5
0	5
-1	5
0	5
0	5
28	5
-1	5
0	5
1	5
0	5
0	5
0	5
-1	5
0	5
0	5
28	5
-1	5
0	5
1	5
0	5
-1	5
0	5
-1	5
0	5
0	5
4	5
-1	5
0	5
1	5
1	5
0	5
0	5
0	5
1	5
0	5
10	5
0	5
0	5
1	5
1	5
0	5
0	5
-1	5
0	5
0	5
13	5
-1	5
-1	5
0	5
0	5
0	5
-1	5
0	5
1	5
1	5
0	5
0	5
0	5
1	5
1	5
0	5
0	5
-1	5
0	5
0	5
1	5
-1	5
0	5
1	5
1	5
0	5
0	5
0	5
1	5
0	5
1	5
0	5
0	5
1	5
0	5
1	5
0	5
0	5
1	5
0	5
1	5
0	5
-1	5
0	5
0	5
0	5
0	5
0	5
1	5
0	5
1	5
0	5
0	5
1	5
0	5
1	5
0	5
0	5
0	5
0	5
0	5
14	5
-1	5
0	5
3	5
3	5
0	5
-29	5
-28	5
1	5
1	5
0	5
0	5
0	5
0	5
0	5
0	5
0	5
0	5
0	5
0	5
0	5
0	5
0	5
0	5
0	5
0	5
0	5
1	5
0	5
1	5
0	5
-11	5
-10	5
0	5
1	5
4	5
0	5
0	5
0	5
0	5
0	5
-1	5
0	5
0	5
0	5
0	5
-1	5
0	5
0	5
0	5
0	5
-1	5
0	5
0	5
0	5
-1	5
-1	5
0	5
0	5
0	5
-1	5
0	5
0	5
0	5
0	5
0	5
0	5
0	5
0	5
0	5
1	5
-1	5
0	5
0	5
0	5
0	5
0	5
1	5
0	5
0	5
1	5
-1	5
0	5
0	5
0	5
-1	5
-1	5
0	5
0	5
0	5
-1	5
-1	5
-1	5
0	5
1	5
0	5
-1	5
0	5
0	5
0	5
-1	5
-1	5
0	5
0	5
1	5
0	5
-1	5
-6	5
0	5
0	5
5	5
-1	5
0	5
0	5
0	5
-1	5
-1	5
0	5
0	5
1	5
0	5
-1	5
-13	5
0	5
0	5
0	5
-1	5
0	5
0	5
0	5
-1	5
-1	5
0	5
0	5
0	5
-1	5
-1	5
0	5
0	5
0	5
0	5
-1	5
0	5
0	5
0	5
-1	5
-1	5
1	5
0	5
0	5
-1	5
-1	5
0	5
0	5
0	5
-1	5
-1	5
0	5
0	5
0	5
42	5
-1	5
0	5
0	5
0	5
-1	5
-1	5
0	5
0	5
0	5
13	5
-1	5
0	5
0	5
0	5
4	5
0	5
1	5
0	5
1	5
-1	5
-1	5
0	5
0	5
1	5
28	5
0	5
1	5
0	5
1	5
0	5
0	3
0	3
1	3
-1	3
0	3
0	3
0	3
1	3
-11	3
-1	3
0	3
0	3
-1	3
0	3
0	3
0	3
0	3
1	3
-1	3
0	3
0	3
0	3
1	3
-28	3
-1	3
0	3
0	3
0	3
1	3
-13	3
-1	3
0	3
0	3
-1	3
0	3
29	3
-1	3
0	3
0	3
-1	3
0	3
55	3
-1	3
0	3
15	3
0	3
1	3
-8	3
0	3
1	3
0	3
-1	3
0	3
13	3
0	3
1	3
-18	3
0	3
1	3
-80	3
-1	3
0	3
0	3
-1	4
1	4
1	4
-1	4
-1	4
1	4
1	4
-1	4
-1.5	4
1.5	4
1.5	4
-1.5	4
-3	4
0	4
0	4
56	4
-1	4
1	4
1	4
-1	4
-1	4
1	4
1	4
-1	4
-1.5	4
1.5	4
1.5	4
-1.5	4
-1	4
1	4
1	4
-1	4
-1.5	4
1.5	4
1.5	4
-1.5	4
-1.5	4
1.5	4
1.5	4
-1.5	4
-1.5	4
1.5	4
1.5	4
-1.5	4
-1	4
1	4
1	4
-1	4
-1	4
1	4
1	4
-1	4
-1	4
1	4
1	4
-1	4
-1	4
1	4
1	4
-1	4
-1.5	4
1.5	4
1.5	4
-1.5	4
-1.5	4
1.5	4
1.5	4
-1.5	4
-1	4
1	4
1	4
-1	4
-1.5	4
1.5	4
1.5	4
-1.5	4
-1	4
1	4
1	4
-1	4
-1.5	4
1.5	4
1.5	4
-1.5	4
-1	4
1	4
1	4
-1	4
-1	4
1	4
1	4
-1	4
-1	4
1	4
1	4
-1	4
-1.5	4
1.5	4
1.5	4
-1.5	4
-1	4
1	4
1	4
-1	4
-1	4
1	4
1	4
-1	4
-1	4
1	4
1	4
-1	4
-1	4
1	4
1	4
-1	4
-2	4
0	4
0	4
5	4
-2	4
0	4
0	4
41	4
-1.5	4
1.5	4
1.5	4
-1.5	4
-1.5	4
1.5	4
1.5	4
-1.5	4
-1	4
1	4
1	4
-1	4
-1	4
1	4
1	4
-1	4
-1.5	4
1.5	4
1.5	4
-1.5	4
-1	4
1	4
1	4
-1	4
-1	4
1	4
1	4
-1	4
-1	4
1	4
1	4
-2	4
-1.5	4
1.5	4
1.5	4
-1.5	4
-1	4
1	4
1	4
-1	4
-1	4
1	4
1	4
-1	4
-1	4
1	4
1	4
-2	4
-1	4
1	4
1	4
-1	4
-1	4
1	4
1	4
-1	4
-1.5	4
1.5	4
1.5	4
-1.5	4
-1	4
1	4
1	4
-1	4
-1	3
0	3
0	3
0	3
0	3
0	3
0	3
0	3
0	3
0	3
0	3
0	3
0	3
0	3
0	3
0	3
0	3
0	3
0	3
0	3
0	3
-1	3
0	3
0	3
0	3
0	3
0	3
-1	3
0	3
0	3
0	3
0	3
0	3
0	3
0	3
0	3
-1	3
0	3
0	3
0	3
0	3
0	3
0	3
0	3
0	3
0	3
0	3
0	3
0	3
0	3
0	3
0	3
0	3
0	3
0	3
0	3
0	3
-1	3
0	3
0	3
0	3
0	3
0	3
0	3
0	3
0	3
0	3
0	3
0	3
0	3
2	3
0	3
-1	3
2	3
0	3
0	3
2	3
0	3
-1	3
2	3
0	3
-3	3
0	3
27	3
-1	3
2	3
0	3
-1	3
2	3
0	3
-3	3
0	3
25	3
-1	3
2	3
0	3
-3	3
0	3
15	3
-1	3
2	3
0	3
0	3
2	3
0	3
0	3
3	3
0	3
0	3
3	3
0	3
-1	3
2	3
0	3
-1	3
2	3
0	3
-1	3
2	3
0	3
-1	3
2	3
0	3
-1	3
2	3
0	3
-1	3
1	3
0	3
-2	3
1	3
0	3
-1	3
2	3
0	3
-1	3
1	3
0	3
-1	3
2	3
0	3
-3	3
0	3
0	3
0	3
4	3
0	3
0	3
4	3
0	3
0	3
4	3
0	3
0	3
3	3
-1	3
0	3
4	3
0	3
0	3
-21	3
0	3
0	3
4	3
0	3
0	3
4	3
0	3
0	3
4	3
0	3
0	3
4	3
0	3
0	3
36	3
0	3
0	3
5	3
0	3
0	3
6	3
0	3
0	3
4	3
0	3
0	3
32	3
0	3
0	3
4	3
0	3
0	3
-11	3
0	3
0	3
-6	3
0	3
0	3
4	3
0	3
0	3
4	3
-1	3
0	3
4	3
0	3
0	3
4	3
0	3
0	3
54	3
0	3
0	3
4	3
0	3
0	3
4	3
0	3
0	3
7	3
0	3
0	3
4	3
0	3
0	3
5	3
-43	3
0	3
5	3
0	3
0	5
0	5
0	5
-1	5
-1	5
0	5
1	5
0	5
0	5
-1	5
0	5
0	5
0	5
14	5
-1	5
0	5
0	5
0	5
29	5
-1	5
0	5
0	5
0	5
-1	5
-1	5
0	5
1	5
0	5
0	5
0	5
0	5
1	5
0	5
0	5
-1	5
57	5
0	5
-1	5
71	5
-2	5
0	5
1	5
0	5
0	5
-1	5
0	5
1	5
0	5
29	5
-1	5
0	5
0	5
0	5
28	5
-1	5
0	5
0	5
0	5
-1	5
-1	5
0	5
0	5
0	5
-1	5
-1	5
-50	5
1	5
0	5
0	5
-1	5
1	5
1	5
0	5
0	5
0	5
0	5
0	5
0	5
-1	5
-1	5
-9	5
1	5
0	5
1	5
-1	5
0	5
0	5
0	5
-1	5
-1	5
0	5
1	5
0	5
14	5
-1	5
0	5
1	5
0	5
28	5
-1	5
-53	5
1	5
0	5
0	5
-1	5
0	5
1	5
0	5
0	5
-1	5
0	5
1	5
0	5
0	5
0	5
22	5
0	5
0	5
0	5
-1	5
0	5
1	5
0	5
-1	5
-1	5
0	4
1	4
0	4
-1	4
-0.5	4
0.5	4
-0.5	4
1.5	4
0	4
1	4
0	4
0	4
0	4
0	4
0	4
-1	4
0	4
0	4
0	4
2	4
0	4
1	4
0	4
-1	4
0	4
1	4
0	4
0	4
0	4
1	4
0	4
0	4
0	4
1	4
0	4
0	4
0	4
1	4
0	4
0	4
-0.5	4
0.5	4
-0.5	4
27.5	4
0	4
1	4
0	4
-1	4
0	4
1	4
0	4
-1	4
0	4
1	4
0	4
-1	4
0	4
1	4
0	4
0	4
0	4
1	4
0	4
-1	4
0	4
1	4
0	4
0	4
0	4
1	4
0	4
0	4
-3.5	4
4.5	4
3.5	4
-4.5	4
0	4
1	4
0	4
-1	4
0	4
1	4
0	4
0	4
0	4
1	4
0	4
0	4
0	4
1	4
0	4
0	4
0	4
2	4
0	4
-1	4
-30	4
2	4
0	4
0	4
-121.5	4
16.5	4
14.5	4
-14.5	4
-92.5	4
1.5	4
0.5	4
-0.5	4
-92	4
2	4
0	4
0	4
-93.5	4
0.5	4
-0.5	4
42.5	4
-92.5	4
1.5	4
0.5	4
-0.5	4
-116	4
4	4
3	4
-3	4
-92	4
2	4
0	4
0	4
-77.5	4
1.5	4
0.5	4
-0.5	4
-92.5	4
2.5	4
0.5	4
-0.5	4
-92	4
2	4
0	4
0	4
-92	4
2	4
0	4
0	4
-93	4
1	4
-1	4
27	4
-118.5	4
1.5	4
0.5	4
-0.5	4
-92.5	4
1.5	4
0.5	4
-0.5	4
-92.5	4
1.5	4
0.5	4
-0.5	4
-120	4
2	4
0	4
0	4
-133.5	4
1.5	4
-0.5	4
0.5	4
-92.5	4
1.5	4
0.5	4
-0.5	4
-93	4
1	4
-1	4
27	4
-93.5	4
0.5	4
-0.5	4
3.5	4
-92.5	4
1.5	4
0.5	4
-0.5	4
0.5	4
1.5	4
-0.5	4
-0.5	4
11	4
1	4
-1	4
-1	4
0	4
2	4
0	4
0	4
0	4
2	4
0	4
0	4
0	4
1	4
0	4
-1	4
0	4
1	4
0	4
-1	4
0	4
2	4
0	4
0	4
-34.5	4
1.5	4
0.5	4
-0.5	4
0	4
1	4
0	4
-1	4
0	4
2	4
0	4
0	4
-14.5	4
1.5	4
0.5	4
-0.5	4
-0.5	4
0.5	4
-0.5	4
56.5	4
0	4
1	4
0	4
-1	4
0	4
1	4
0	4
-1	4
0	4
1	4
0	4
-29	4
0	4
1	4
0	4
-1	4
0	4
1	4
0	4
-1	4
0	4
2	4
0	4
0	4
-29	4
5	4
3	4
-3	4
0	4
2	4
0	4
-1	4
0	4
1	4
0	4
0	4
0	4
1	4
0	4
-1	4
0	4
0	4
0	4
0	4
-42.5	4
0.5	4
-0.5	4
0.5	4
0	4
0	4
0	4
-1	4
0	4
0	4
0	4
-1	4
0	4
0	4
0	4
-1	4
0	4
0	4
0	4
-1	4
0	4
0	4
0	4
-1	4
0	4
0	4
0	4
14	4
-57	4
0	4
0	4
1	4
0	4
1	4
0	4
0	4
0	4
1	4
0	4
0	4
0	4
0	4
0	4
-1	4
-27	4
0	4
0	4
15	4
0	4
0	4
0	4
0	4
0	4
0	4
0	4
-1	4
0	4
1	4
0	4
0	4
0.5	4
-0.5	4
-0.5	4
3.5	4
0	4
0	4
0	4
-1	4
0	4
0	4
0	4
-1	4
-27	4
0	4
0	4
1	4
0	4
0	4
0	4
28	4
0	4
0	4
0	4
-1	4
1.5	4
-0.5	4
-0.5	4
0.5	4
0	4
0	4
0	4
0	4
0	4
0	4
0	4
0	4
-19.5	4
0.5	4
-0.5	4
2.5	4
0	4
1	4
0	4
0	4
0	4
0	4
0	4
5	4
0	4
0	4
0	4
-1	4
0	4
0	4
0	4
-1	4
0	4
1	4
0	4
0	4
0	4
0	4
0	4
-1	4
0	4
1	4
0	4
0	4
0	4
1	4
0	4
0	4
0	4
1	4
0	4
0	4
0	4
0	4
0	4
0	4
0	4
0	4
0	4
-1	4
0	4
1	4
0	4
0	4
0	4
0	4
0	4
-1	4
0	4
0	4
0	4
-1	4
0	4
0	4
0	4
55	4
0	4
0	4
0	4
-9	4
0	4
1	4
0	4
0	4
0	4
0	4
0	4
27	4
0	4
1	4
0	4
0	4
0	4
0	4
0	4
2	4
0	4
1	4
0	4
0	4
0	4
2	4
0	4
0	4
-0.5	4
0.5	4
-1.5	4
1.5	4
0	4
1	4
0	4
-1	4
0	4
1	4
0	4
-1	4
0	4
1	4
0	4
-1	4
0	4
1	4
0	4
-1	4
0	4
1	4
0	4
-1	4
0.5	4
1.5	4
-0.5	4
-0.5	4
0	4
1	4
0	4
-1	4
-1	4
1	4
-1	4
28	4
0	4
2	4
0	4
0	4
0	4
1	4
0	4
-1	4
0	4
1	4
0	4
-1	4
0.5	4
1.5	4
-0.5	4
-0.5	4
-60	4
2	4
0	4
0	4
0	4
2	4
0	4
0	4
0	4
1	4
0	4
-1	4
-1	4
1	4
-1	4
28	4
0	4
1	4
0	4
-1	4
-0.5	4
0.5	4
-0.5	4
27.5	4
0	4
1	4
0	4
-1	4
0	4
2	4
0	4
0	4
0	4
1	4
0	4
0	4
0	4
2	4
0	4
-1	4
0	4
0	4
0	4
0	4
-24	4
0	4
0	4
1	4
-0.5	4
0.5	4
-0.5	4
6.5	4
0	4
0	4
0	4
-1	4
-0.5	4
0.5	4
0.5	4
-0.5	4
0	4
0	4
0	4
0	4
7	4
-7	4
-8	4
35	4
0	4
1	4
0	4
0	4
-36.5	4
0.5	4
-0.5	4
5.5	4
0	4
0	4
0	4
0	4
0	4
0	4
0	4
0	4
0	4
1	4
0	4
0	4
0	4
0	4
0	4
-1	4
0	4
0	4
0	4
6	4
0	4
0	4
0	4
0	4
-0.5	4
0.5	4
0.5	4
-0.5	4
-0.5	4
0.5	4
0.5	4
-0.5	4
-0.5	4
0.5	4
-0.5	4
2.5	4
0	4
1	4
0	4
-42	4
0	4
0	4
0	4
-1	4
0	4
1	4
0	4
-2	4
0	4
1	4
0	4
0	4
0	4
2	4
0	4
0	4
0	4
2	4
0	4
0	4
0.5	4
1.5	4
-0.5	4
-0.5	4
0	4
2	4
0	4
0	4
0	4
1	4
0	4
-15	4
0	4
1	4
0	4
-1	4
0	4
1	4
0	4
-1	4
-0.5	4
0.5	4
-0.5	4
28.5	4
-16.5	4
0.5	4
-0.5	4
0.5	4
-1	4
1	4
-1	4
13	4
0	4
2	4
0	4
0	4
-14	4
2	4
0	4
0	4
0.5	4
1.5	4
-0.5	4
-0.5	4
-0.5	4
0.5	4
-0.5	4
26.5	4
0	4
2	4
0	4
0	4
0	4
1	4
0	4
-1	4
0	4
2	4
0	4
0	4
0	4
1	4
0	4
-1	4
0	4
1	4
0	4
0	4
0	4
1	4
0	4
-1	4
0	4
1	4
0	4
0	4
0	4
2	4
0	4
0	4
0	3
-1	3
0	3
0	3
-1	3
0	3
0	3
-1	3
0	3
1	3
0	3
0	3
0	3
0	3
-17	3
1	3
0	3
0	3
0	3
0	3
0	3
0	3
-3	3
0	3
1	3
0	3
0	3
0	3
-1	3
0	3
1	3
0	3
0	3
0	3
-1	3
0	3
1	3
0	3
0	3
0	3
-1	3
0	3
1	3
0	3
0	3
1	3
0	3
0	3
1	3
0	3
0	3
1	3
0	3
0	3
-38	3
0	3
4	3
0	3
-1	3
0	3
0	3
-1	3
2	3
1	3
0	3
0	3
0.5	4
0.5	4
-0.5	4
-0.5	4
-9	4
1	4
-1	4
4	4
0.5	4
0.5	4
-0.5	4
-1.5	4
0.5	4
0.5	4
-0.5	4
-0.5	4
0	4
0	4
-1	4
28	4
0.5	4
0.5	4
-0.5	4
-1.5	4
0	4
0	4
-1	4
57	4
0.5	4
0.5	4
-0.5	4
-1.5	4
-59.5	4
1.5	4
0.5	4
-0.5	4
0	4
0	4
-1	4
26	4
0	4
0	4
-1	4
26	4
0.5	4
0.5	4
-0.5	4
-0.5	4
-16	4
1	4
0	4
0	4
0.5	4
0.5	4
-0.5	4
-1.5	4
0.5	4
0.5	4
-0.5	4
-1.5	4
-40.5	4
1.5	4
0.5	4
-0.5	4
0.5	4
0.5	4
-0.5	4
-0.5	4
0	4
0	4
-1	4
0	4
0.5	4
0.5	4
-0.5	4
-0.5	4
-0.5	4
0.5	4
-0.5	4
5.5	4
0.5	4
0.5	4
-0.5	4
-1.5	4
0	4
0	4
-2	4
3	4
0.5	4
0.5	4
-0.5	4
-1.5	4
-1	4
1	4
-1	4
1	4
-0.5	4
0.5	4
-1.5	4
4.5	4
6.5	4
-6.5	4
-7.5	4
6.5	4
0	4
1	4
0	4
-1	4
0	4
1	4
0	4
0	4
0	4
1	4
0	4
0	4
-22.5	4
0.5	4
-0.5	4
6.5	4
0	4
1	4
0	4
-1	4
0	4
1	4
0	4
-1	4
0	4
1	4
0	4
-1	4
-1	4
1	4
-1	4
27	4
0	4
1	4
0	4
-1	4
-14.5	4
1.5	4
0.5	4
-0.5	4
0	4
1	4
0	4
0	4
-1.5	4
0.5	4
-0.5	4
4.5	4
0	4
1	4
0	4
-1	4
0	4
1	4
0	4
0	4
0	4
1	4
0	4
0	4
0	4
1	4
0	4
-1	4
0	4
1	4
0	4
-1	4
-13	4
1	4
-1	4
1	4
0	4
1	4
0	4
-1	4
0	4
1	4
0	4
-1	4
-23.5	4
0.5	4
-0.5	4
4.5	4
0.5	4
1.5	4
-0.5	4
-0.5	4
-1	4
1	4
-1	4
28	4
0	4
1	4
0	4
-1	4
-0.5	4
0.5	4
-0.5	4
46.5	4
0	4
1	4
0	4
-1	4
0	4
2	4
0	4
-1	4
0	4
1	4
0	4
-1	4
0	4
2	4
0	4
-1	4
-1	4
1	4
-1	4
13	4
0	4
1	4
0	4
-1	4
-28	4
2	4
0	4
0	4
0	4
1	4
0	4
-1	4
-41	4
1	4
-1	4
1	4
0	4
1	4
0	4
-1	4
-1	4
1	4
-1	4
55	4
-48	4
2	4
0	4
0	4
0	4
1	4
0	4
-1	4
0	4
1	4
0	4
-1	4
-21	4
1	4
-1	4
1	4
-38.5	4
0.5	4
-0.5	4
2.5	4
0	4
2	4
0	4
0	4
0.5	4
0.5	4
-0.5	4
-2.5	4
0.5	4
0.5	4
-0.5	4
-2.5	4
1	4
1	4
-1	4
-3	4
0.5	4
1.5	4
-0.5	4
-2.5	4
0.5	4
1.5	4
-0.5	4
-2.5	4
0.5	4
0.5	4
-0.5	4
-2.5	4
0.5	4
0.5	4
-0.5	4
-2.5	4
-4.5	4
2.5	4
0.5	4
-0.5	4
0.5	4
1.5	4
-0.5	4
-2.5	4
1	4
1	4
-1	4
-3	4
0.5	4
1.5	4
-0.5	4
-2.5	4
0.5	4
0.5	4
-0.5	4
-2.5	4
-19	4
3	4
1	4
-1	4
0.5	4
0.5	4
-0.5	4
-3.5	4
0.5	4
0.5	4
-0.5	4
-2.5	4
-5	4
1	4
0	4
0	4
1	4
1	4
-1	4
-3	4
1	4
1	4
-1	4
-3	4
-27	4
4	4
2	4
-2	4
1	4
1	4
-1	4
-3	4
0.5	4
1.5	4
-0.5	4
-2.5	4
0	4
0	4
-2	4
0	4
-32.5	4
2.5	4
0.5	4
-0.5	4
0.5	4
0.5	4
-0.5	4
-2.5	4
0	3
0	3
-1	3
0	3
0	3
-1	3
0	3
0	3
-1	3
0	3
0	3
-1	3
0	3
0	3
14	3
0	3
0	3
29	3
0	3
0	3
-1	3
0	3
0	3
-1	3
0	3
0	3
-1	3
0	3
0	3
-1	3
0	3
0	3
-1	3
0	3
0	3
-1	3
0	3
0	3
-1	3
0	3
0	3
-1	3
0	3
0	3
-1	3
0	3
0	3
-1	3
0	3
0	3
-1	3
0	3
0	3
-1	3
0	3
0	3
-1	3
0	3
0	3
-1	3
0	3
0	3
-2	3
0	3
0	3
-1	3
0	3
0	3
-1	3
0	3
0	3
-1	3
0	3
0	3
-2	3
0	4
0	4
1	4
0	4
-13.5	4
0.5	4
0.5	4
-0.5	4
0	4
0	4
0	4
-15	4
0	4
0	4
0	4
-1	4
0	4
0	4
1	4
0	4
0	4
0	4
1	4
0	4
0	4
0	4
0	4
-1	4
-9.5	4
-0.5	4
0.5	4
4.5	4
0	4
0	4
1	4
-1	4
0	4
0	4
0	4
-1	4
0	4
0	4
0	4
-1	4
0	4
0	4
1	4
-1	4
0	4
0	4
1	4
-1	4
-39.5	4
0.5	4
0.5	4
-0.5	4
-13.5	4
0.5	4
1.5	4
-0.5	4
0	4
0	4
0	4
-1	4
0	4
0	4
0	4
-1	4
0	4
0	4
0	4
-1	4
0	4
0	4
0	4
-1	4
-40	4
0	4
0	4
1	4
0	4
0	4
0	4
-1	4
0	4
0	4
0	4
-1	4
-76.5	4
-0.5	4
0.5	4
7.5	4
0	4
0	4
0	4
-1	4
0.5	4
0.5	4
-0.5	4
-0.5	4
0	4
0	4
43	4
-1	4
0.5	4
0.5	4
-0.5	4
-0.5	4
1	4
0	4
0	4
0	4
0	4
0	4
0	4
-1	4
0.5	4
0.5	4
-0.5	4
-0.5	4
0.5	4
0.5	4
-0.5	4
-0.5	4
0.5	4
0.5	4
-0.5	4
-0.5	4
1	4
0	4
0	4
0	4
0	4
0	4
14	4
-1	4
0.5	4
0.5	4
-0.5	4
-0.5	4
0.5	4
0.5	4
-0.5	4
-0.5	4
0	4
0	4
50	4
-1	4
0.5	4
0.5	4
-0.5	4
-0.5	4
0	4
0	4
28	4
-1	4
0	4
0	4
13	4
-1	4
0.5	4
0.5	4
-0.5	4
-0.5	4
0	4
0	4
17	4
0	4
0	4
0	4
27	4
-1	4
0.5	4
0.5	4
-0.5	4
-0.5	4
0.5	4
0.5	4
-0.5	4
-0.5	4
0	4
0	4
48	4
-1	4
0.5	4
0.5	4
-0.5	4
-0.5	4
0	3
1	3
0	3
0	3
1	3
-1	3
0	3
1	3
-1	3
0	3
1	3
-1	3
0	3
1	3
-1	3
0	3
1	3
-1	3
0	3
1	3
-1	3
-30	3
2	3
0	3
0	3
1	3
-1	3
0	3
1	3
-1	3
0	3
1	3
-1	3
0	3
1	3
-1	3
0	3
1	3
-1	3
0	3
1	3
-1	3
-14	3
2	3
0	3
0	3
1	3
-1	3
0	3
1	3
0	3
0	3
1	3
-29	3
0	3
1	3
-1	3
-27	3
2	3
0	3
-1	3
0	3
13	3
0	3
1	3
-1	3
0	3
1	3
-1	3
0	3
1	3
-1	3
-1	3
0	3
1	3
0	3
1	3
-1	3
0	5
0	5
0	5
2	5
0	5
0	5
-1	5
37	5
39	5
-1	5
0	5
0	5
0	5
2	5
-1	5
0	5
-1	5
0	5
2	5
-1	5
0	5
-1	5
0	5
2	5
29	5
0	5
-30	5
0	5
2	5
-1	5
0	5
0	5
0	5
2	5
-1	5
0	5
-1	5
0	5
2	5
-1	5
0	5
-1	5
0	5
2	5
-1	5
0	5
0	5
0	5
2	5
-1	5
0	5
0	5
0	5
2	5
-1	5
0	5
-1	5
1	5
3	5
-1	5
0	5
0	5
0	5
2	5
-1	5
0	5
-1	5
0	5
2	5
-1	5
0	5
-1	5
0	5
2	5
-1	5
0	5
0	5
0	5
2	5
-1	5
0	5
-15	5
0	5
2	5
-1	5
-26	5
0	5
19	5
21	5
-27	5
0	5
-1	5
0	5
2	5
0	5
0	5
-30	5
0	5
1	5
-1	5
0	5
0	5
0	5
2	5
0	5
1	5
0	5
0	5
2	5
0	5
0	5
0	5
0	5
1	5
-1	5
-14	5
0	5
1	5
3	5
-15	5
0	5
-1	5
0	5
1	5
-1	5
-15	5
14	5
0	5
2	5
-16	5
0	5
-1	5
0	5
1	5
-1	5
0	5
0	5
0	5
2	5
-1	5
0	5
0	5
0	5
2	5
-1	5
0	5
-1	5
0	5
1	5
-1	5
0	5
-1	5
0	5
1	5
-1	5
0	5
0	5
0	5
2	5
-1	5
0	5
-1	5
0	5
2	5
-1	5
0	5
-1	5
0	5
2	5
-1	5
0	5
0	5
0	5
2	5
0	5
0	5
-1	5
0	5
1	5
-1	5
0	5
-1	5
0	5
2	5
-1	5
0	5
-1	5
0	5
1	5
15	5
0	5
-8	5
0	5
2	5
-1	5
0	5
-1	5
0	5
1	5
-1	5
0	5
0	5
0	5
2	5
-1	5
0	5
-1	5
33	5
35	5
-1	5
0	5
-1	5
0	5
1	5
-1	5
0	5
-1	5
0	5
1	5
-1	5
0	5
0	5
0	5
2	5
-1	5
0	5
-1	5
0	5
1	5
-1	5
0	5
0	5
2	5
0	5
0	5
0	5
0	5
1	5
-1	5
-1	5
-9	5
-1	5
0	5
5	5
5	5
0	5
0	5
1	5
-1	5
-1	5
0	5
0	5
1	5
-1	5
-1	5
0	5
0	5
2	5
-1	5
-1	5
-28	5
1	5
2	5
0	5
-29	5
0	5
0	5
1	5
-1	5
-1	5
0	5
0	5
1	5
-1	5
-1	5
0	5
0	5
1	5
-1	5
-1	5
0	5
0	5
1	5
-1	5
-1	5
0	5
0	5
2	5
-1	5
-1	5
27	5
-2	5
0	5
-3	5
26	5
0	5
0	5
1	5
-1	5
-1	5
0	5
0	5
1	5
-1	5
-1	5
0	5
0	5
1	5
-1	5
-1	5
27	5
-1	5
0	5
-2	5
26	5
0	5
0	5
2	5
-1	5
-1	5
0	5
0	5
2	5
-1	5
-1	5
0	5
1	5
2	5
0	5
-1	5
0	5
0	5
1	5
-1	5
-1	5
0	5
0	5
1	5
9	5
-1	5
0	5
0	5
2	5
-1	5
0	5
1	3
0	3
0	3
1	3
0	3
0	3
1	3
0	3
0	3
1	3
0	3
0	3
1	3
0	3
0	3
1	3
-1	3
0	3
1	3
-59	3
0	3
1	3
0	3
0	3
1	3
-3	3
0	3
1	3
0	3
0	3
1	3
0	3
0	3
0	3
0	3
-1	3
0	3
0	3
-1	3
1	3
0	3
0	3
0	3
0	3
-1	3
1	3
0	3
0	3
1	3
0	3
0	3
1	3
0	3
0	3
1	3
-4	3
0	3
1	3
0	3
0	3
0	3
6	3
-1	3
0	3
22	3
-1	3
0	3
17	3
0	3
0	3
30	3
-1	3
0	3
30	3
-1	3
0	3
2	3
-1	3
0	3
31	3
-1	3
0	3
2	3
-1	3
0	3
2	3
-1	3
0	3
1	3
-1	3
0	3
1	3
-1	3
0	3
1	3
-1	3
0	3
51	3
-1	3
0	3
2	3
-1	3
0	3
2	3
-1	3
0	3
1	3
-1	3
0	3
1	3
-1	3
0	3
1	3
-1	3
0	3
2	3
-1	3
0	3
2	3
-1	3
0	3
43	3
-1	3
0	3
1	3
-1	3
0	3
2	3
-1	3
0	3
2	3
-1	3
1	3
-26	3
0	3
0	3
1	3
-1	3
0	3
16	3
-1	3
0	3
2	3
-1	3
0	3
2	3
-1	3
0	3
87	3
-1	3
0	3
2	3
-1	3
0	5
0	5
2	5
0	5
-1	5
-8	5
1	5
3	5
0	5
-9	5
0	5
0	5
2	5
-1	5
-1	5
0	5
0	5
1	5
-1	5
-1	5
0	5
0	5
2	5
0	5
-1	5
0	5
0	5
2	5
0	5
0	5
0	5
0	5
2	5
0	5
0	5
0	5
33	5
34	5
0	5
0	5
0	5
0	5
2	5
-1	5
-1	5
-4	5
1	5
3	5
0	5
-4	5
-3	5
1	5
2	5
0	5
-3	5
0	5
0	5
2	5
0	5
-1	5
0	5
0	5
1	5
-1	5
-1	5
0	5
48	5
50	5
0	5
0	5
0	5
0	5
2	5
0	5
0	5
0	5
0	5
2	5
0	5
-1	5
1	5
0	5
2	5
0	5
0	5
0	5
0	5
1	5
-1	5
-1	5
0	5
5	5
7	5
-1	5
-1	5
0	5
0	5
2	5
0	5
0	5
0	5
0	5
2	5
0	5
-1	5
0	5
0	5
2	5
-1	5
-1	5
0	5
0	5
2	5
0	5
0	5
0	5
47	5
48	5
-1	5
-1	5
0	5
0	5
2	5
-1	5
-1	5
0	5
0	5
2	5
0	5
0	5
0	5
0	5
1	5
-1	5
-1	5
0	5
0	5
1	5
-7	5
-1	5
1	5
0	5
2	5
0	5
0	5
0	5
0	5
2	5
0	5
-1	5
0	5
0	5
2	5
-1	5
-1	5
0	5
15	5
16	5
-1	5
-1	5
-5	5
0	5
2	5
0	5
-6	5
0	5
0	5
1	5
-1	5
-1	5
0	5
0	5
2	5
0	5
0	5
0	5
0	5
1	5
-1	5
-1	5
0	5
0	5
1	5
-1	5
-1	5
0	5
0	5
1	5
-1	5
-1	5
1	5
0	5
2	5
-1	5
0	5
1	5
0	5
1	5
-1	5
0	5
0	5
0	5
2	5
-1	5
-1	5
0	5
0	5
1	5
-1	5
-1	5
0	5
0	5
1	5
-1	5
-1	5
0	5
0	5
1	5
-1	5
-1	5
0	5
18	5
20	5
-1	5
-1	5
0	5
0	5
2	5
-1	5
-1	5
0	5
0	5
1	5
-1	5
-1	5
0	5
0	5
1	5
-1	5
-1	5
-43	5
1	5
2	5
0	5
-44	5
0	5
0	5
2	5
-1	5
-1	5
0	4
1	4
0	4
0	4
0.5	4
1.5	4
-0.5	4
-0.5	4
-0.5	4
0.5	4
13.5	4
-1.5	4
0	4
1	4
0	4
0	4
0.5	4
1.5	4
-0.5	4
-0.5	4
0.5	4
1.5	4
-0.5	4
-0.5	4
-18	4
18	4
25	4
-18	4
-0.5	4
0.5	4
27.5	4
-1.5	4
-4	4
4	4
5	4
-4	4
0	4
1	4
-1	4
0	4
0	4
1	4
0	4
-1	4
0.5	4
1.5	4
-21.5	4
-0.5	4
-20.5	4
27.5	4
20.5	4
-21.5	4
-0.5	4
0.5	4
26.5	4
-1.5	4
0.5	4
1.5	4
-0.5	4
-0.5	4
0.5	4
1.5	4
-0.5	4
-0.5	4
0.5	4
1.5	4
-0.5	4
-0.5	4
0.5	4
0.5	4
-0.5	4
-0.5	4
0.5	4
0.5	4
-0.5	4
-0.5	4
0.5	4
1.5	4
-0.5	4
-0.5	4
0.5	4
1.5	4
-0.5	4
-0.5	4
-9	4
15	4
9	4
-10	4
0.5	4
1.5	4
-0.5	4
-0.5	4
0	3
2	3
-1	3
0	3
2	3
-1	3
0	3
2	3
-1	3
0	3
1	3
-1	3
0	3
1	3
-1	3
0	3
2	3
-1	3
0	3
2	3
-1	3
0	3
2	3
-1	3
0	3
1	3
-1	3
0	3
1	3
-1	3
0	3
2	3
-1	3
0	3
2	3
-1	3
0	3
2	3
-1	3
0	3
2	3
-1	3
0	3
2	3
-1	3
0	3
16	3
-1	3
0	3
2	3
-1	3
0	3
2	3
-1	3
0	3
2	3
-1	3
0	3
2	3
-1	3
0	3
2	3
-1	3
0	3
2	3
-1	3
0	3
2	3
-1	3
0	3
1	3
-1	3
0	3
74	3
-1	3
0	3
1	3
-1	3
2	3
0	3
0	3
2	3
0	3
0	3
3	3
0	3
0	3
2	3
0	3
0	3
2	3
0	3
0	3
0	3
-2	3
12	3
0	3
-2	3
10	3
2	3
0	3
0	3
2	3
0	3
0	3
0	3
26	3
-3	3
2	3
0	3
-1	3
0	3
27	3
-2	3
2	3
0	3
0	3
2	3
0	3
0	3
2	3
0	3
0	3
2	3
0	3
0	3
3	3
-8	3
0	3
2	3
0	3
0	3
0	3
25	3
-3	3
2	3
0	3
0	3
3	3
0	3
0	3
0	3
2	3
-2	3
0	3
34	3
-2	3
0	5
0	5
2	5
0	5
2	5
0	5
-1	5
1	5
-1	5
1	5
0	5
-1	5
1	5
-1	5
1	5
-88	5
0	5
2	5
0	5
2	5
-12	5
0	5
7	5
-12	5
7	5
1	5
0	5
-27	5
0	5
-28	5
0	5
-2	5
2	5
-1	5
2	5
0	5
0	5
2	5
0	5
2	5
0	5
0	5
2	5
0	5
1	5
0	5
-1	5
1	5
-1	5
1	5
0	5
0	5
2	5
0	5
2	5
0	5
-1	5
30	5
-1	5
30	5
0	5
0	5
13	5
0	5
13	5
0	5
-1	5
2	5
0	5
1	5
0	5
0	5
2	5
0	5
1	5
0	5
0	5
2	5
0	5
2	5
0	5
-1	5
2	5
0	5
1	5
0	5
0	5
2	5
0	5
2	5
-54	5
0	5
5	5
-54	5
5	5
-1	5
-2	5
1	5
0	5
1	5
0	5
0	5
2	5
0	5
2	5
0	5
0	5
-27	5
0	5
-27	5
0	5
-3	5
2	5
1	5
-6	5
0	5
-1	5
2	5
0	5
1	5
6	3
0	3
-2	3
6	3
0	3
-2	3
6	3
0	3
-2	3
5	3
0	3
-2	3
6	3
0	3
-2	3
6	3
0	3
-2	3
5	3
0	3
-3	3
5	3
0	3
-2	3
6	3
0	3
-1	3
5	3
0	3
-2	3
5	3
0	3
-2	3
5	3
0	3
-2	3
6	3
0	3
-1	3
6	3
0	3
-1	3
6	3
0	3
-1	3
6	3
0	3
-1	3
6	3
0	3
-2	3
5	3
0	3
-2	3
6	3
0	3
-1	3
5	3
0	3
-2	3
5	3
0	3
-2	3
6	3
0	3
-1	3
6	3
0	3
-1	3
6	3
0	3
-1	3
6	3
0	3
-1	3
6	3
0	3
-1	3
0	5
0	5
2	5
-1	5
0	5
0	5
0	5
2	5
-1	5
0	5
0	5
-1	5
2	5
0	5
0	5
0	5
0	5
2	5
0	5
0	5
0	5
0	5
3	5
0	5
0	5
0	5
0	5
2	5
0	5
14	5
0	5
0	5
2	5
-1	5
0	5
1	5
0	5
3	5
0	5
0	5
0	5
0	5
2	5
-1	5
0	5
0	5
0	5
2	5
-1	5
0	5
0	5
0	5
2	5
-1	5
-1	5
0	5
0	5
3	5
0	5
0	5
0	5
28	5
2	5
-1	5
-1	5
0	5
0	5
3	5
0	5
0	5
0	5
0	5
3	5
0	5
0	5
0	5
0	5
2	5
0	5
0	5
0	5
0	5
2	5
-1	5
0	5
0	5
0	5
2	5
-1	5
-1	5
1	5
0	5
3	5
0	5
0	5
0	5
0	5
2	5
0	5
0	5
0	5
0	5
3	5
0	5
0	5
0	5
0	5
2	5
-1	5
0	5
0	5
0	5
2	5
0	5
0	5
0	5
0	5
2	5
0	5
0	5
0	5
-1	5
2	5
0	5
0	5
0	5
0	5
2	5
-1	5
0	5
0.5	4
-0.5	4
0.5	4
-0.5	4
0	4
0	4
0	4
0	4
0	4
0	4
0	4
0	4
0	4
0	4
0	4
0	4
0.5	4
-0.5	4
0.5	4
-0.5	4
0	4
-1	4
0	4
0	4
0	4
0	4
0	4
0	4
0	4
0	4
0	4
0	4
0.5	4
-0.5	4
0.5	4
-0.5	4
0	4
0	4
0	4
0	4
0.5	4
-0.5	4
0.5	4
-0.5	4
0.5	4
-0.5	4
0.5	4
-0.5	4
0.5	4
-0.5	4
0.5	4
-0.5	4
0	4
0	4
0	4
0	4
0	4
0	4
0	4
0	4
0.5	4
-0.5	4
0.5	4
-0.5	4
0.5	4
-0.5	4
0.5	4
-0.5	4
0	4
0	4
0	4
0	4
0	4
0	4
0	4
0	4
1	4
0	4
0	4
0	4
0	4
0	4
0	4
0	4
0	4
0	4
0	4
0	4
0.5	4
-0.5	4
0.5	4
-0.5	4
0	4
0	4
0	4
0	4
1	4
0	4
0	4
0	4
0.5	4
-0.5	4
0.5	4
-0.5	4
0.5	4
-0.5	4
0.5	4
-0.5	4
0	4
0	4
0	4
0	4
0	4
0	4
0	4
0	4
0.5	4
-0.5	4
0.5	4
-0.5	4
0.5	4
-0.5	4
0.5	4
-0.5	4
0	3
0	3
0	3
0	3
-1	3
15	3
0	3
0	3
0	3
0	3
0	3
-1	3
0	3
0	3
1	3
1	3
0	3
0	3
0	3
0	3
0	3
0	3
0	3
0	3
0	3
0	3
0	3
0	3
0	3
0	3
0	3
0	3
0	3
0	3
0	3
0	3
0	3
0	3
0	3
0	3
0	3
0	3
0	3
0	3
0	3
0	3
0	3
0	3
0	3
0	3
0	3
0	3
0	3
1	3
0	3
0	3
0	3
1	3
0	3
0	3
0	3
0	3
-13	3
0	3
0	3
0	3
0	3
0	3
0	3
1	3
0	3
0	3
0	3
0	3
0	3
1	3
0	3
0	3
-35	3
0	3
0	3
0	3
0	3
0	3
0	3
29	3
0	3
0	3
0	3
0	3
0	3
0	3
0	3
-27	3
0	3
0	3
-28	3
0	3
0	3
0	3
0	3
0	3
1	3
0	3
0	3
1	3
0	3
0	3
-14	3
0	3
0	3
-75	3
0	3
0	3
-14	3
0	3
0	3
-63	3
0	3
0	3
-28	3
0	3
0	3
-27	3
0	3
0	3
-27	3
0	3
0	3
1	3
0	3
-3	3
1	3
0	3
0	3
-31	3
0	3
0	3
0	3
0	3
0	3
0	3
0	3
0	3
-14	3
0	3
0	3
0	3
0	3
0	3
0	3
0	3
0	3
0	3
0	3
0	3
-27	3
0	3
0	3
-55	3
0	3
0	3
0	3
0	3
2	3
0	3
0	3
3	3
0	3
0	3
3	3
0	3
0	3
2	3
0	3
0	3
3	3
0	3
0	3
3	3
0	3
0	3
3	3
0	3
0	3
2	3
0	3
0	3
2	3
0	3
0	3
3	3
0	3
0	3
3	3
0	3
0	3
3	3
0	3
0	3
3	3
0	3
-6	3
2	3
0	3
0	3
3	3
0	3
0	3
3	3
0	3
0	3
3	3
0	3
0	3
2	3
0	3
0	3
31	3
0	3
-1	3
1	3
-2	3
13	3
0	3
0	3
0	3
2	3
0	3
0	3
30	3
-3	3
6	3
0	3
0	3
0	3
3	3
0	3
0	3
2	3
0	3
0	3
2	3
1	3
0	3
0	3
0	3
26	3
0	3
0	3
0	3
0	3
0	3
-1	3
0	3
0	3
41	3
-1	3
0	3
-1	3
0	3
0	3
1	3
-1	3
0	3
0	3
0	3
1	3
0	3
0	3
0	3
0	3
0	3
0	3
-1	3
0	3
0	3
0	3
0	3
0	3
57	3
0	3
0	3
-1	3
0	3
1	3
0	3
0	3
0	3
0	3
0	3
0	3
-29	3
0	3
1	3
0	3
0	3
0	3
28	3
0	3
0	3
5	3
-1	3
1	3
0	3
0	3
0	3
41	3
0	3
0	3
55	3
-1	3
0	3
7	3
0	3
1	3
0	3
0	3
0	3
0	3
0	3
0	3
0	3
0	3
-67	3
0	3
20	3
0	3
0	3
29	3
0	3
0	3
0	3
0	3
0	3
-1	3
0	3
0	3
0	3
-32	3
0	3
0	3
0	3
0	3
0	3
0	3
0	3
13	3
0	3
0	3
0	3
-28	3
1	3
0	3
0	3
0	3
-1	3
-28	3
1	3
0	3
-28	3
0	3
0	3
-28	3
1	3
0	3
0	3
0	3
-1	3
0	3
0	3
-1	3
0	3
0	3
-1	3
-20	3
0	3
7	3
-13	3
1	3
0	3
0	3
0	3
-1	3
-27	3
1	3
0	3
-33	3
0	3
22	3
0	3
0	3
0	3
0	3
0	3
-1	3
-25	3
0	3
1	3
0	3
0	3
0	3
0.5	4
0.5	4
-0.5	4
-0.5	4
-5	4
2	4
1	4
-1	4
0	4
0	4
0	4
0	4
0	4
0	4
0	4
0	4
0	4
0	4
0	4
0	4
0	4
0	4
0	4
0	4
0	4
0	4
0	4
0	4
30.5	4
0.5	4
-0.5	4
-0.5	4
0	4
1	4
0	4
0	4
0	4
1	4
0	4
-1	4
0	4
0	4
0	4
0	4
0	4
0	4
0	4
0	4
0	4
1	4
0	4
0	4
0	4
1	4
0	4
0	4
0	4
0	4
0	4
0	4
0	4
0	4
0	4
0	4
0.5	4
0.5	4
-0.5	4
-0.5	4
0.5	4
0.5	4
-0.5	4
-0.5	4
1	4
0	4
0	4
0	4
0	4
0	4
7	4
0	4
1	4
-13	4
0	4
0	4
0.5	4
0.5	4
-0.5	4
-0.5	4
0	4
0	4
0	4
0	4
0	4
0	4
0	4
0	4
0	4
0	4
0	4
0	4
1	4
-55	4
0	4
0	4
1.5	4
-0.5	4
0.5	4
-0.5	4
0	4
0	4
0	4
0	4
0.5	4
0.5	4
-0.5	4
-0.5	4
0	4
0	4
-1	4
0	4
-3.5	4
-3.5	4
3.5	4
3.5	4
0	4
0	4
0	4
0	4
0.5	4
0.5	4
-0.5	4
-0.5	4
-14	4
0	4
0	4
0	4
0	4
19	4
0	4
0	4
0	4
0	4
0	4
0	4
0.5	4
0.5	4
-0.5	4
-0.5	4
-28	4
1	4
0	4
0	4
-22	4
0	4
0	4
0	4
-57	4
1	4
0	4
0	4
0	4
0	4
-1	4
0	4
0	4
0	4
0	4
0	4
0.5	4
0.5	4
-0.5	4
-0.5	4
0	4
0	4
-1	4
0	4
0	4
0	4
0	4
0	4
-13.5	4
0.5	4
-0.5	4
0.5	4
-28	4
1	4
0	4
0	4
-28	4
1	4
0	4
0	4
0	4
0	4
0	4
0	4
-13.5	4
0.5	4
-0.5	4
0.5	4
0	4
0	4
0	4
0	4
0.5	4
0.5	4
-0.5	4
-0.5	4
-27	4
1	4
0	4
0	4
-7	4
0	4
0	4
0	4
1	4
0	4
0	4
0	4
-37.5	4
8.5	4
8.5	4
-8.5	4
0.5	4
0.5	4
-0.5	4
-0.5	4
1.5	4
0.5	4
-0.5	4
-0.5	4
0.5	4
0.5	4
-0.5	4
-0.5	4
0	4
1	4
0	4
0	4
0.5	4
0.5	4
-14.5	4
-0.5	4
0.5	4
0.5	4
-0.5	4
-0.5	4
0	4
0	4
0	4
-1	4
0	4
0	4
0	4
-1	4
0	4
0	4
0	4
-1	4
0.5	4
0.5	4
-0.5	4
-0.5	4
0.5	4
0.5	4
-0.5	4
-1.5	4
1.5	4
0.5	4
-0.5	4
-1.5	4
0.5	4
-0.5	4
0.5	4
-1.5	4
0.5	4
0.5	4
-0.5	4
-0.5	4
1.5	4
0.5	4
-0.5	4
-0.5	4
0.5	4
0.5	4
-0.5	4
-1.5	4
0.5	4
0.5	4
-0.5	4
-1.5	4
1	4
0	4
0	4
-1	4
0.5	4
0.5	4
-0.5	4
-0.5	4
0.5	4
0.5	4
-0.5	4
-0.5	4
0.5	4
0.5	4
-0.5	4
-1.5	4
0.5	4
0.5	4
-0.5	4
-0.5	4
1	4
0	4
0	4
-1	4
0.5	4
0.5	4
-0.5	4
-1.5	4
0.5	4
0.5	4
-0.5	4
-1.5	4
0.5	4
0.5	4
-0.5	4
-0.5	4
0	4
0	4
0	4
-1	4
0.5	4
0.5	4
-0.5	4
-1.5	4
0.5	4
0.5	4
-0.5	4
-11.5	4
0.5	4
0.5	4
-0.5	4
-1.5	4
0	3
2	3
0	3
-13	3
2	3
0	3
0	3
1	3
-1	3
36	3
0	3
-1	3
-13	3
2	3
0	3
-15	3
2	3
0	3
-6	3
2	3
0	3
-29	3
1	3
0	3
-7	3
2	3
0	3
-1	3
2	3
0	3
-50	3
2	3
0	3
0	3
0	3
-2	3
8	3
0	3
-1	3
-4	3
2	3
0	3
76	3
0	3
-2	3
-11	3
2	3
0	3
29	3
0	3
-1	3
25	3
0	3
-2	3
4	3
0	3
-1	3
-31	3
1	3
0	3
5	3
0	3
-1	3
-1	3
0	3
1	3
0	3
0	3
-1	3
0	3
0	3
-1	3
0	3
-2	3
26	3
0	3
60	3
-1	3
0	3
0	3
-1	3
-1	3
0	3
0	3
0	3
0	3
-1	3
0	3
1	3
-1	3
1	3
0	3
0	3
0	3
0	3
5	3
0	3
0	3
-1	3
0	3
1	3
-1	3
1	3
-27	3
0	3
0	3
0	3
-1	3
0	3
0	3
-1	3
-26	3
2	3
0	3
0	3
0	3
-1	3
0	3
0	3
-1	3
0	3
0	3
-1	3
0	3
1	3
-1	3
0	3
0	3
-1	3
0	3
0	3
-1	3
0	3
0	3
-1	3
0	3
-9	3
0	3
1	3
-8	3
0	3
0	3
1	3
0	3
-8	3
1	3
0	3
0	3
2	3
-1	3
0	3
0	3
-2	3
1	3
0	3
-1	3
2	3
0	3
0	3
4	3
-29	3
0	3
2	3
0	3
0	3
2	3
0	3
0	3
1	3
0	3
-1	3
1	3
0	3
-1	3
1	3
0	3
-1	3
2	3
0	3
-1	3
2	3
0	3
-1	3
1	3
0	3
-1	3
6	3
-42	3
0	3
0	3
59	3
-2	3
2	3
0	3
-1	3
1	3
0	3
0	3
1	3
0	3
-1	3
-26	3
0	3
0	3
0	3
-2	3
26	3
1	3
0	3
0	3
0	3
26	3
-3	3
-26	3
0	3
0	3
2	3
0	3
0	3
0	3
58	3
-2	3
0	3
35	3
-2	3
2	3
0	3
0	3
2	3
0	3
-1	3
0	3
31	3
-2	3
0	3
-1	3
12	3
2	3
0	3
-1	3
0	3
2	3
0	3
0	3
2	3
0	3
0	3
2	3
-1	3
-3	3
0	3
27	3
0	3
2	3
0	3
0	3
2	3
0	3
0	3
2	3
-1	3
0	3
2	3
-1	3
0	3
2	3
0	3
0	3
2	3
-1	3
0	3
2	3
0	3
0	3
2	3
-1	3
0	3
1	3
-1	3
-28	3
3	3
0	3
0	3
2	3
0	3
0	3
2	3
-1	3
0	3
2	3
0	3
0	3
2	3
0	3
-2	3
0	3
12	3
0	3
2	3
0	3
0	3
2	3
0	3
-2	3
0	3
0	3
0	3
3	3
-1	3
1	4
1	4
-1	4
-2	4
1	4
1	4
-1	4
-1	4
29.5	4
1.5	4
-1.5	4
-1.5	4
1	4
2	4
-1	4
-1	4
1	4
1	4
-1	4
-2	4
1	4
1	4
-1	4
-1	4
-4	4
-23	4
7	4
4	4
1	4
2	4
-1	4
-1	4
-14	4
-13	4
13	4
13	4
1	4
2	4
-1	4
-1	4
1	4
2	4
-1	4
-1	4
-26.5	4
1.5	4
0.5	4
-0.5	4
0	4
2	4
0	4
-2	4
1	4
0	4
0	4
-1	4
-28	4
63	4
0	4
0	4
1	4
1	4
-1	4
-1	4
-2.5	4
-1.5	4
1.5	4
1.5	4
1	4
1	4
-1	4
-2	4
1	4
1	4
-1	4
-1	4
1	4
1	4
-1	4
-2	4
1	4
1	4
-1	4
-2	4
1	4
1	4
-1	4
-1	4
1	4
1	4
-1	4
-1	4
-11.5	4
6.5	4
0.5	4
-0.5	4
-0.5	4
0.5	4
0.5	4
-2.5	4
1	4
1	4
-1	4
-2	4
1	4
1	4
-1	4
-1	4
0.5	4
60.5	4
-0.5	4
-1.5	4
1.5	4
15.5	4
-1.5	4
-1.5	4
7	4
-242	4
5	4
-5	4
1.5	4
1.5	4
-1.5	4
-1.5	4
0	4
2	4
0	4
-31	4
0.5	4
-75.5	4
-0.5	4
0.5	4
0	4
2	4
0	4
0	4
0	4
3	4
0	4
0	4
0	4
0	4
0	4
-2	4
0	4
2	4
0	4
-2	4
2.5	4
-2.5	4
3.5	4
-25.5	4
-0.5	4
1.5	4
0.5	4
-0.5	4
-0.5	4
2.5	4
0.5	4
-10.5	4
0	4
-26	4
1	4
0	4
0.5	4
0.5	4
-0.5	4
-1.5	4
-0.5	4
1.5	4
0.5	4
-0.5	4
0	4
-12	4
1	4
0	4
-5.5	4
1.5	4
0.5	4
-0.5	4
-0.5	4
1.5	4
0.5	4
-0.5	4
-0.5	4
1.5	4
0.5	4
-0.5	4
-0.5	4
1.5	4
0.5	4
-0.5	4
-0.5	4
1.5	4
0.5	4
-1.5	4
-0.5	4
1.5	4
0.5	4
-0.5	4
0	4
1	4
0	4
-1	4
-0.5	4
1.5	4
0.5	4
-0.5	4
-0.5	4
1.5	4
0.5	4
-0.5	4
-0.5	4
1.5	4
0.5	4
-0.5	4
-0.5	4
46.5	4
0.5	4
-0.5	4
0	4
-26	4
1	4
0	4
-0.5	4
1.5	4
0.5	4
-0.5	4
1.5	4
-1.5	4
-2.5	4
24.5	4
-0.5	4
1.5	4
0.5	4
-0.5	4
-1.5	4
0.5	4
-0.5	4
25.5	4
0	4
1	4
0	4
-1	4
-0.5	4
1.5	4
0.5	4
-0.5	4
-1.5	4
2.5	4
0.5	4
-0.5	4
-0.5	4
2.5	4
0.5	4
-0.5	4
2	3
0	3
0	3
3	3
0	3
-8	3
2	3
0	3
0	3
59	3
0	3
-4	3
2	3
0	3
0	3
3	3
0	3
0	3
2	3
0	3
0	3
2	3
0	3
0	3
-4	3
0	3
0	3
2	3
0	3
0	3
-27	3
0	3
0	3
2	3
0	3
0	3
-22	3
0	3
1	3
-26	3
56	3
0	3
-25	3
84	3
0	3
0	3
82	3
-87	3
-26	3
84	3
0	3
0	3
82	3
-2	3
0	3
110	3
-2	3
0	3
110	3
-2	3
-26	3
56	3
0	3
0	3
82	3
-3	3
-26	3
56	3
0	3
-25	3
56	3
0	3
0	3
54	3
-2	3
-55	3
28	3
0	3
-26	3
56	3
0	3
0	3
81	3
-3	3
-11	3
71	3
0	3
0	3
82	3
-4	3
0	3
82	3
-57	3
0	3
81	3
-3	3
1.5	4
0.5	4
-0.5	4
-0.5	4
1	4
0	4
0	4
0	4
1	4
0	4
0	4
-1	4
1	4
0	4
0	4
0	4
1	4
0	4
0	4
0	4
-2	4
-3	4
2	4
2	4
1	4
0	4
0	4
0	4
2	4
0	4
0	4
0	4
1	4
0	4
0	4
0	4
1.5	4
-1.5	4
0.5	4
-0.5	4
-13.5	4
-15.5	4
13.5	4
13.5	4
2	4
0	4
0	4
0	4
1.5	4
0.5	4
-0.5	4
-0.5	4
-28	4
0	4
0	4
0	4
-2.5	4
-3.5	4
2.5	4
2.5	4
1	4
0	4
0	4
0	4
0	4
0	4
0	4
0	4
1	4
0	4
0	4
0	4
-1	4
0	4
0	4
0	4
0.5	4
0.5	4
-0.5	4
-0.5	4
1	4
0	4
0	4
-1	4
1	4
0	4
0	4
0	4
1.5	4
0.5	4
-0.5	4
-0.5	4
1	4
0	4
0	4
-31	4
1	4
0	4
0	4
-1	4
-3	4
3	4
3	4
-16	4
1	4
0	4
0	4
-1	4
1	4
0	4
0	4
0	4
0	4
0	4
5	4
-65	4
1.5	4
0.5	4
-0.5	4
-0.5	4
0	3
0	3
0	3
0	3
1	3
-28	3
0	3
0	3
28	3
0	3
0	3
-1	3
0	3
28	3
-1	3
0	3
0	3
0	3
0	3
0	3
-6	3
0	3
0	3
-29	3
0	3
0	3
-48	3
0	3
0	3
-3	3
0	3
0	3
-1	3
0	3
1	3
0	3
3	3
0	3
-1	3
1	3
0	3
0	3
35	3
0	3
0	3
-2	3
0	3
0	3
0	3
0	3
0	3
1	3
0	3
0	3
0	3
55	3
-1	3
0	3
-1	3
27	3
0	3
0	3
0	3
1	3
0	3
-6	3
0	3
0	3
0	3
0	3
0	3
0	3
0	3
0	3
0	3
0	3
0	3
0	3
0	3
0	3
-14	3
0	3
0	3
0	3
0	3
1	3
-27	3
0	3
0	3
0	3
-9.5	4
-10.5	4
9.5	4
9.5	4
0.5	4
6.5	4
-0.5	4
-52.5	4
2.5	4
0.5	4
-0.5	4
-0.5	4
0.5	4
0.5	4
-0.5	4
-0.5	4
-1	4
1	4
0	4
0	4
0.5	4
0.5	4
-0.5	4
-0.5	4
1	4
-24	4
0	4
0	4
0.5	4
0.5	4
-0.5	4
-0.5	4
0.5	4
0.5	4
-0.5	4
-0.5	4
0.5	4
0.5	4
-0.5	4
-0.5	4
0.5	4
0.5	4
-0.5	4
-0.5	4
0	4
0	4
3	4
-1	4
0.5	4
0.5	4
-0.5	4
-0.5	4
0	4
0	4
-1	4
13	4
0.5	4
0.5	4
-0.5	4
-0.5	4
1	4
1	4
-1	4
-3	4
0.5	4
0.5	4
-0.5	4
-0.5	4
0.5	4
1.5	4
-0.5	4
-5.5	4
0.5	4
0.5	4
-0.5	4
-0.5	4
4.5	4
0.5	4
-0.5	4
-0.5	4
1	4
-26	4
0	4
0	4
0	4
0	4
-2	4
11	4
1	4
-27	4
0	4
0	4
1.5	4
0.5	4
-0.5	4
-0.5	4
1.5	4
0.5	4
-0.5	4
-0.5	4
0.5	4
0.5	4
-0.5	4
-28.5	4
0.5	4
1.5	4
-0.5	4
-18.5	4
1	4
1	4
-1	4
-1	4
0.5	4
0.5	4
-0.5	4
-0.5	4
0.5	4
0.5	4
-0.5	4
-0.5	4
0.5	4
0.5	4
-0.5	4
-0.5	4
0	3
1	3
-2	3
0	3
1	3
-31	3
0	3
1	3
-1	3
0	3
2	3
0	3
0	3
2	3
-1	3
1	3
-58	3
0	3
0	3
1	3
-1	3
0	3
2	3
-1	3
0	3
1	3
-1	3
0	3
1	3
-1	3
0	3
1	3
-1	3
0	3
2	3
-8	3
0	3
1	3
-4	3
0	3
2	3
-1	3
1	3
-26	3
0	3
0	3
2	3
-1	3
0	3
2	3
-1	3
0	3
2	3
-8	3
0	3
1	3
-1	3
1	3
-54	3
0	3
0	3
80	3
-1	3
0	3
1	3
-1	3
-1	3
0	3
25	3
1	3
-25	3
0	3
1	3
-58	3
0	3
0	3
1	3
-1	3
17	3
0	3
-3	3
0	3
30	3
-1	3
0	3
2	3
-1	3
0	3
30	3
-1	3
0	3
2	3
-6	3
0	3
4	3
-1	3
0	3
1	3
0	3
0	3
0	3
-76	3
0	3
0	3
-1	3
0	3
0	3
-1	3
0	3
0	3
-1	3
2	3
0	3
0	3
0	3
0	3
28	3
0	3
0	3
-75	3
0	3
0	3
0	3
0	3
0	3
-1	3
-15	3
0	3
28	3
0	3
1	3
-8	3
1	3
0	3
0	3
0	3
0	3
-1	3
0	3
0	3
-65	3
0	3
0	3
-1	3
0	3
0	3
-1	3
0	3
0	3
-1	3
0	3
0	3
-1	3
0	3
7	3
-1	3
0	3
1	3
0	3
0	3
0	3
-1	3
0	3
0	3
0	3
0	3
1	3
-10	3
1	3
-13	3
0	3
0	3
28	3
-1	3
1	3
0	3
0	3
0	3
1	3
-62	3
0	3
0	3
-1	3
-55	3
1	3
0	3
0	3
0	3
-1	3
0	3
0	3
-1	3
0	3
1	3
-1	3
0	3
0	3
-2	3
0	3
1	3
-1	3
0	3
0	3
-2	3
0	3
0	3
-1	3
0	3
0	3
-1	3
0	3
0	3
-2	3
0	3
1	3
-1	3
1	3
-3	3
0	3
0	3
0	3
-1	3
0	3
0	3
-1	3
0	3
1	3
-52	3
0	3
1	3
-1	3
0	3
0	3
-1	3
0	3
0	3
-1	3
0	3
0	3
-1	3
0	3
1	3
-1	3
-1	3
3	3
0	3
0	3
0	3
-1	3
0	3
0	3
-2	3
1	3
-119	3
0	3
0	3
1	3
-10	3
3	3
-58	3
0	3
0	3
0	3
-2	3
0	3
1	3
-58	3
0	3
0	3
-1	3
0	3
0	3
23	3
0	3
0	3
-49	3
0	3
0	3
-28	3
0	3
1	3
-40	3
0	3
0	3
-9	3
0	3
60	3
-1	3
-7	4
1	4
0	4
0	4
-11	4
1	4
0	4
0	4
0	4
1	4
0	4
0	4
0	4
12	4
0	4
0	4
0	4
1	4
0	4
0	4
0	4
1	4
0	4
0	4
0	4
1	4
0	4
0	4
0	4
1	4
0	4
0	4
-30	4
1	4
0	4
0	4
0	4
1	4
0	4
0	4
3	4
-3	4
3	4
-4	4
-0.5	4
0.5	4
4.5	4
-24.5	4
-1	4
1	4
0	4
0	4
-1	4
2	4
0	4
0	4
0	4
-12	4
0	4
0	4
0	4
1	4
0	4
0	4
-0.5	4
1.5	4
0.5	4
-0.5	4
0	4
1	4
0	4
0	4
0	4
2	4
0	4
0	4
0	4
1	4
0	4
0	4
-0.5	4
0.5	4
1.5	4
-0.5	4
0	4
1	4
0	4
0	4
0	4
1	4
0	4
0	4
0	4
2	4
0	4
0	4
0	4
1	4
0	4
0	4
0	4
-12	4
0	4
0	4
-1	4
1	4
0	4
0	4
0	4
1	4
0	4
0	4
0	4
1	4
0	4
-18	4
0	4
2	4
0	4
0	4
0	4
1	4
0	4
0	4
-1	4
1	4
14	4
-14	4
0	4
1	4
0	4
0	4
0	3
0	3
0	3
0	3
1	3
0	3
0	3
-14	3
0	3
0	3
1	3
0	3
0	3
1	3
0	3
-1	3
0	3
0	3
-1	3
1	3
0	3
0	3
0	3
0	3
-1	3
29	3
0	3
0	3
0	3
0	3
0	3
-59	3
0	3
-3	3
1	3
0	3
0	3
0	3
-1	3
0	3
1	3
0	3
0	3
1	3
0	3
0	3
0	3
0	3
-2	3
0	3
1	3
0	3
1	3
0	3
-1	3
0	3
7	3
0	3
1	3
0	3
0	3
0	3
0	3
0	3
1	3
0	3
0	3
-63	3
17	3
0	3
-74	3
0	3
0	3
-74	3
1	3
0	3
-75	3
0	3
1	3
-74	3
0	3
0	3
-72	3
0	3
1	3
-74	3
0	3
0	3
2	3
0	3
-1	3
2	3
0	3
57	3
0	3
-2	3
-1	3
2	3
0	3
0	3
2	3
0	3
0	3
2	3
-1	3
-29	3
2	3
0	3
-29	3
2	3
0	3
0	3
1	3
-1	3
0	3
2	3
0	3
-1	3
2	3
0	3
-28	3
3	3
0	3
0	3
3	3
0	3
0	3
2	3
0	3
0	3
2	3
-1	3
0	3
2	3
0	3
0	3
2	3
0	3
0	3
2	3
0	3
-11	3
3	3
0	3
0	3
2	3
0	3
0	3
2	3
0	3
0	3
2	3
-1	3
0	3
2	3
0	3
0	3
2	3
-8	3
1	3
0	3
-9	3
2	3
0	3
0	3
1	3
0	3
-1	3
30	3
0	3
0	3
1	3
0	3
0	3
1	3
0	3
-1	3
1	3
0	3
0	3
2	3
0	3
0	3
2	3
0	3
-13	3
1	3
0	3
0	3
1	3
0	3
-1	3
1	3
0	3
0	3
-27	3
3	3
0	3
2	3
0	3
0	3
2	3
0	3
0	3
-26	3
0	3
0	3
1	3
0	3
0	3
29	3
0	3
-1	3
2	3
0	3
0	3
2	3
0	3
0	3
0	3
-1	3
9	3
1	3
0	3
0	3
-3	3
0	3
0	3
2	3
0	3
0	3
1	3
0	3
0	3
1	3
0	3
-1	3
62	3
0	3
0	3
1	3
0	3
0	3
2	3
0	3
-24	3
2	3
0	3
0	3
2	3
0	3
0	3
0	3
-2	3
20	3
3	3
0	3
0	3
-26	3
0	3
0	3
2	3
0	3
0	3
2	3
0	3
0	3
-2	3
3	3
0	3
2	3
0	3
0	3
-16	3
0	3
0	3
2	3
0	3
-2	3
0	3
-2	3
26	3
2	3
0	3
-1	3
2	3
0	3
-3	3
2	3
-1	3
0	3
0	3
-2	3
41	3
2	3
0	3
0	3
2	3
0	3
0	3
2	3
0	3
0	3
4	3
0	3
0	3
2	3
0	3
0	3
2	3
0	3
0	3
2	3
0	3
0	3
2	3
0	3
0	3
1	3
0	3
-1	3
2	3
0	3
0	3
2	3
0	3
-14	3
2	3
0	3
0	3
2	3
0	3
0	3
1	3
0	3
-1	3
0	3
6	3
-2	3
2	3
0	3
0	3
2	3
0	3
-1	3
3	3
0	3
-75	3
2	3
0	3
0	3
1	3
0	3
-2	3
2	3
0	3
-1	3
0	3
1	3
-2	3
-39	3
18	3
0	3
0	3
3	3
-3	3
2	3
0	3
-13	3
2	3
-1	3
0	3
2	3
0	3
-1	3
2	3
-2	3
0	3
2	3
0	3
0	3
2	3
0	3
-1	3
2	3
0	3
-1	3
3	3
0	3
-24	3
1	3
0	3
-1	3
2	3
0	3
-1	3
2	3
0	3
-1	3
0	3
-2	3
25	3
2	3
0	3
0	3
-118	3
0	3
0	3
2	3
0	3
0	3
2	3
0	3
0	3
2	3
0	3
-1	3
3	3
0	3
0	3
0	3
5	3
-3	3
2	3
0	3
-1	3
3	3
0	3
-57	3
2	3
0	3
0	3
2	3
0	3
0	3
2	3
0	3
0	3
-28	3
0	3
0	3
-18	3
0	3
0	3
1	3
0	3
0	3
2	3
0	3
0	3
2	3
0	3
0	3
-1	3
0	3
0	3
-13	3
0	3
0	3
2	3
0	3
0	3
-8	3
0	3
0	3
-13	3
0	3
0	3
2	3
0	3
0	3
1	3
0	3
0	3
1	3
0	3
0	3
1	3
0	3
0	3
2	3
0	3
0	3
2	3
0	3
0	3
2	3
0	3
0	3
1	3
0	3
0	3
2	3
0	3
0	3
-10	3
0	3
0	3
-26	3
0	3
0	3
2	3
0	3
0	3
2	3
0	3
0	3
2	3
0	3
0	3
1	3
0	3
0	3
2	3
0	3
0	3
2	3
0	3
0	3
0	3
5	3
-2	3
2	3
0	3
0	3
1	3
0	3
0	3
1	3
0	3
0	3
16	3
0	3
0	3
-13	3
1	3
0	3
0	3
-1	3
1	3
9	3
0	3
0	3
1	3
0	3
0	3
1	3
0	3
0	3
7	3
0	3
0	3
5	3
-1	3
0	3
1	3
0	3
0	3
2	3
0	3
0	3
2	3
-5	3
0	3
30	3
0	3
0	3
2	3
0	3
-7	3
1	3
0	3
0	3
1	3
0	3
0	3
1	3
0	3
-3	3
1	3
0	3
0	3
1	3
0	3
0	3
1	3
0	3
0	3
29	3
0	3
0	3
1	3
0	3
0	3
1	3
0	3
0	3
1	3
-1	3
0	3
2	3
0	3
0	3
1	3
0	3
0	3
2	3
0	3
0	3
1	3
0	3
-1	3
-40	3
0	3
0	3
1	3
0	3
0	3
16	3
0	3
0	3
0	3
0	3
-1	3
1	3
0	3
0	3
0	3
0	3
-1	3
8	3
0	3
0	3
0	3
0	3
0	3
0	3
0	3
0	3
0	3
0	3
-1	3
0	3
0	3
-1	3
0	3
0	3
0	3
14	3
0	3
0	3
30	3
0	3
0	3
43	3
0	3
-1	3
0	3
0	3
-1	3
0	3
0	3
0	3
1	3
0	3
0	3
0	3
0	3
0	3
-30	3
0	3
0	3
0	3
0	3
0	3
1	3
0	3
0	3
-30	3
0	3
13	3
-29	3
1	3
0	3
0	3
0	3
-1	3
1	3
0	3
0	3
0	3
0	3
-1	3
8	3
0	3
0	3
-1	3
0	3
0	3
0	3
0	3
0	3
0	3
0	3
0	3
0	3
0	3
-1	3
1	3
0	3
0	3
1	3
0	3
0	3
0	3
0	3
0	3
15	3
0	3
0	3
-29	3
1	3
0	3
0	3
0	3
0	3
0	3
0	3
0	3
6	3
0	3
0	3
-28	3
0	3
0	3
0	3
0	3
-1	3
7	3
0	3
0	3
0	3
0	3
-1	3
0	3
0	3
0	3
0	3
0	3
-1	3
0	3
0	3
-1	3
0	3
0	3
0	3
0	3
0	3
0	3
0	3
0	3
2	3
0	3
0	3
0	3
14	3
0	3
-16	3
-29	3
0	3
0	3
-29	3
1	3
0	3
7	3
0	3
0	3
-41	3
0	3
14	3
0	3
0	3
0	3
-30	3
1	3
0	3
28	3
0	3
0	3
0	3
0	3
-1	3
10	3
0	3
-1	3
0	3
0	3
-1	3
6	3
0	3
0	3
0	3
0	3
-1	3
3	3
-1	3
0	3
-29	3
0	3
0	3
0	3
0	3
0	3
13	3
0	3
0	3
0	3
0	3
0	3
0	3
0	3
0	3
0	3
0	3
0	3
0	3
0	3
0	3
0	3
0	3
-1	3
-29	3
0	3
0	3
0	3
0	3
0	3
-14	3
1	3
0	3
9	3
0	3
-1	3
0	3
0	3
0	3
0	3
0	3
-1	3
-26	3
0	3
0	3
0	3
0	3
0	3
0	3
0	3
0	3
0	3
0	3
0	3
-28	3
0	3
0	3
0	3
0	3
-1	3
-42	3
0	3
0	3
0	3
0	3
-1	3
-14	3
0	3
0	3
1	3
0	3
0	3
-28	3
0	3
0	3
0	3
0	3
-1	3
0	3
0	3
0	3
14	3
0	3
-1	3
43	3
0	3
0	3
1	3
0	3
0	3
1	3
0	3
0	3
-28	3
0	3
0	3
0	3
0	3
-1	3
0	3
0	3
0	3
14	3
0	3
-1	3
0	3
0	3
-1	3
0	3
0	3
0	3
20	3
0	3
0	3
0	3
1	3
-1	3
1	3
0	3
0	3
-2	3
0	3
0	3
2	3
0	3
0	3
1	3
0	3
0	3
1	3
0	3
0	3
2	3
0	3
0	3
1	3
0	3
0	3
2	3
0	3
0	3
2	3
0	3
0	3
1	3
0	3
0	3
1	3
0	3
0	3
0	3
1	3
0	3
1	3
0	3
0	3
2	3
0	3
0	3
2	3
0	3
0	3
1	3
0	3
0	3
2	3
0	3
0	3
2	3
0	3
0	3
1	3
0	3
0	3
1	3
0	3
-1	3
1	3
0	3
0	3
1	3
0	3
0	3
2	3
0	3
0	3
2	3
0	3
0	3
1	3
0	3
0	3
1	3
0	3
0	3
1	3
0	3
-1	3
1	3
0	3
0	3
1	3
0	3
0	3
2	3
0	3
0	3
1	3
0	3
0	3
2	3
0	3
0	3
1	3
0	3
0	3
2	3
0	3
0	3
1	3
0	3
-1	3
1	3
0	3
0	3
2	3
0	3
0	3
1	3
0	3
0	3
1	3
0	3
-1	3
2	3
0	3
0	3
1	3
0	3
0	3
1	3
0	3
0	3
0	3
1	3
-1	3
1	3
0	3
0	3
-3	3
1	3
0	3
1	3
0	3
0	3
2	3
0	3
0	3
2	3
0	3
0	3
1	3
0	3
-40	3
2	3
0	3
0	3
1	3
0	3
-1	3
1	3
0	3
0	3
2	3
0	3
-39	3
1	3
0	3
0	3
1	3
0	3
0	3
0	3
-1	3
3	3
0	3
0	3
0	3
0	3
0	3
0	3
1	3
0	3
0	3
0	3
-1	3
0	3
0	3
0	3
0	3
0	3
0	3
0	3
1	3
0	3
0	3
0	3
-1	3
0	3
1	3
0	3
0	3
1	3
0	3
0	3
0	3
-1	3
0	3
0	3
0	3
0	3
0	3
-1	3
0	3
1	3
0	3
0	3
0	3
0	3
0	3
0	3
0	3
0	3
0	3
0	3
0	3
0	3
-1	3
0	3
0	3
0	3
0	3
1	3
0	3
0	3
1	3
0	3
0	3
1	3
0	3
0	3
0	3
-1	3
0	3
0	3
-1	3
0	3
0	3
0	3
-1	3
0	3
0	3
-7	3
1	3
0	3
0	3
1	3
0	3
0	3
-11	3
0	3
0	3
0	3
0	3
-1	3
-13	3
1	3
0	3
0	3
0	3
1	3
0	3
0	3
-1	3
0	3
0	3
-1	3
-6	3
0	3
0	3
1	3
0	3
0	3
1	3
0	3
0	3
1	3
0	3
0	3
1	3
0	3
0	3
0	3
0	3
-1	3
1	3
0	3
0	3
0	3
0	3
0	3
-4	3
1	3
0	3
1	3
0	3
0	3
1	3
0	3
0	3
12	3
0	3
0	3
1	3
0	3
0	3
-13	3
0	3
0	3
1	3
0	3
0	3
-13	3
1	3
0	3
1	3
0	3
0	3
41	3
0	3
0	3
0	3
0	3
0	3
3	3
0	3
0	3
1	3
-2	3
0	3
3	3
0	3
0	3
4	3
0	3
0	3
3	3
0	3
0	3
3	3
0	3
0	3
3	3
0	3
0	3
3	3
0	3
0	3
4	3
0	3
0	3
3	3
0	3
0	3
4	3
0	3
0	3
3	3
0	3
0	3
3	3
0	3
0	3
3	3
0	3
0	3
3	3
0	3
0	3
0	3
11	3
-3	3
3	3
0	3
0	3
3	3
-1	3
0	3
3	3
0	3
0	3
3	3
0	3
0	3
3	3
0	3
0	3
3	3
0	3
0	3
4	3
0	3
0	3
3	3
0	3
0	3
3	3
0	3
0	3
4	3
0	3
0	3
0	3
4	3
-3	3
3	3
0	3
0	3
-2	3
0	3
0	3
-3	3
0	3
1	3
-2	3
0	3
0	3
-2	3
0	3
0	3
-2	3
0	3
0	3
-1	3
0	3
0	3
-2	3
0	3
0	3
-2	3
0	3
1	3
0	3
2	3
-11	3
-3	3
0	3
0	3
0	3
3	3
-55	3
-2	3
0	3
1	3
-2	3
0	3
1	3
-2	3
0	3
0	3
0	3
2	3
-7	3
0	3
2	3
-26	3
0	3
2	3
-26	3
-2	3
0	3
0	3
0	3
2	3
-57	3
0	3
2	3
-26	3
-3	3
0	3
0	3
0	3
3	3
-53	3
0	3
2	3
-14	3
0	3
2	3
-63	3
0	3
2	3
-25	3
-2	3
0	3
1	3
-2	3
0	3
14	3
-2	3
0	3
0	3
0	3
3	3
-15	3
-2	3
0	3
0	3
1	3
0	3
0	3
0	3
-1	3
0	3
0	3
0	3
0	3
0	3
0	3
0	3
0	3
0	3
-45	3
0	3
0	3
0	3
0	3
0	3
0	3
0	3
0	3
-22	3
0	3
0	3
-1	3
0	3
0	3
0	3
0	3
0	3
-1	3
0	3
0	3
28	3
0	3
0	3
-1	3
0	3
0	3
0	3
0	3
-1	3
0	3
0	3
0	3
-1	3
1	3
0	3
0	3
0	3
0	3
0	3
0	3
0	3
0	3
0	3
0	3
0	3
0	3
0	3
0	3
0	3
0	3
0	3
1	3
0	3
0	3
0	3
0	3
0	3
0	3
0	3
0	3
0	3
0	3
-1	3
0	3
0	3
-1	3
0	3
0	3
0	3
0	3
0	3
0	3
2	3
0	3
0	3
2	3
0	3
0	3
2	3
0	3
0	3
2	3
0	3
0	3
2	3
0	3
-9	3
2	3
0	3
-1	3
2	3
0	3
0	3
2	3
0	3
0	3
2	3
0	3
-19	3
2	3
0	3
0	3
2	3
0	3
0	3
2	3
0	3
0	3
0	3
0	3
1	3
2	3
0	3
0	3
2	3
0	3
0	3
2	3
0	3
0	3
2	3
0	3
0	3
2	3
0	3
0	3
2	3
0	3
0	3
2	3
0	3
0	3
2	3
0	3
0	3
2	3
0	3
0	3
2	3
0	3
0	3
2	3
0	3
0	3
2	3
0	3
0	3
2	3
0	3
0	3
2	3
0	3
0	3
2	3
0	3
0	3
1	3
0	3
0	3
1	3
0	3
0	3
1	3
0	3
0	3
1	3
0	3
0	3
1	3
0	3
-4	3
0	3
-1	3
0	3
1	3
0	3
0	3
1	3
0	3
0	3
0	3
0	3
0	3
0	3
-1	3
5	3
1	3
0	3
0	3
1	3
0	3
0	3
0	3
0	3
-1	3
0	3
0	3
-29	3
1	3
0	3
-22	3
1	3
0	3
0	3
0	3
0	3
-1	3
0	3
-1	3
4	3
1	3
0	3
0	3
1	3
0	3
0	3
1	3
0	3
-20	3
1	3
0	3
0	3
0	3
0	3
0	3
1	3
0	3
0	3
1	3
0	3
0	3
1	3
0	3
0	3
1	3
0	3
-5	3
1	3
0	3
0	3
2	4
0	4
0	4
0	4
3	4
0	4
0	4
0	4
9	4
-7	4
-7	4
7	4
3	4
0	4
0	4
0	4
3	4
0	4
0	4
0	4
3	4
0	4
0	4
0	4
17.5	4
-15.5	4
-15.5	4
15.5	4
2	4
0	4
0	4
0	4
7.5	4
-4.5	4
-4.5	4
4.5	4
14.5	4
-11.5	4
-11.5	4
11.5	4
3	4
0	4
0	4
0	4
3	4
0	4
0	4
0	4
2	4
0	4
0	4
0	4
3	4
0	4
0	4
0	4
1.5	4
1.5	4
-1.5	4
-1.5	4
3	4
0	4
0	4
0	4
2.5	4
0.5	4
-0.5	4
-0.5	4
2	4
0	4
-1	4
0	4
2	4
-1	4
0	4
0	4
2	4
0	4
-1	4
0	4
3	4
0	4
0	4
0	4
2	4
0	4
0	4
0	4
3	4
0	4
0	4
0	4
2.5	4
0.5	4
-0.5	4
-0.5	4
2.5	4
-0.5	4
-0.5	4
0.5	4
2.5	4
0.5	4
-0.5	4
-0.5	4
3	4
0	4
0	4
0	4
3	4
0	4
0	4
0	4
2	4
0	4
0	4
0	4
2.5	4
0.5	4
-0.5	4
-0.5	4
0	3
-4	3
0	3
0	3
0	3
0	3
0	3
0	3
0	3
1	3
0	3
0	3
0	3
0	3
0	3
0	3
-1	3
0	3
0	3
0	3
0	3
0	3
0	3
0	3
0	3
0	3
0	3
0	3
0	3
0	3
0	3
0	3
0	3
0	3
0	3
-1	3
0	3
0	3
0	3
0	3
0	3
0	3
0	3
0	3
0	3
0	3
0	3
0	3
0	3
0	3
0	3
0	3
-2	3
0	3
0	3
0	3
0	3
0	3
-23	3
0	3
0	3
0	3
0	3
0	3
0	3
0	3
0	3
0	3
0	3
0	3
-1	3
0	3
0	3
0	3
0	3
0	3
0	3
0	3
0	3
0	3
-1	3
0	3
0	3
-1	3
0	3
0	3
0	3
0	3
0	3
0	3
0	3
0	3
-1	3
0	3
0	3
-1	3
0	3
0	3
-1	3
-1	3
4	3
0	3
0	3
0	3
-1	3
0	3
0	3
-1	3
0	3
0	3
0	3
0	3
0	3
0	3
0	3
0	3
0	3
0	3
0	3
-1	3
0	3
0	3
-1	3
0	3
0	3
0	3
0	3
0	3
-1	3
0	3
0	3
-1	3
0	3
0	3
0	3
1	3
0	3
0	3
0	3
0	3
-1	3
0	3
0	3
0	3
0	3
0	3
0	3
0	3
0	3
0	3
0	3
0	3
0	3
0	3
0	3
0	3
0	3
0	3
-1	3
0	3
0	3
-1	3
0	3
0	3
0	3
0	3
0	3
0	3
0	3
0	3
15	3
0	3
0	3
0	3
1	3
0	3
0	3
0	3
-1	3
0	3
0	3
0	3
0	3
0	3
0	3
0	3
0	3
0	3
0	3
1	3
0	3
-28	3
0	3
-1	3
0	3
0	3
0	3
0	3
0	3
0	3
18	3
0	3
0	3
0	3
0	3
0	3
0	3
1	3
0	3
-28	3
0	3
0	3
29	3
0	3
0	3
0	3
0	3
0	3
0	3
0	3
-1	3
0	3
0	3
-1	3
0	3
0	3
-1	3
0	3
0	3
0	3
0	3
0	3
-1	3
0	3
0	3
0	3
0	3
0	3
-1	3
0	3
0	3
0	3
0	3
0	3
0	3
0	3
0	3
-1	3
0	3
1	3
-2	3
0	3
1	3
0	3
-1	3
0	3
0	3
-1	3
1	3
0	3
0	3
1	3
0	3
0	3
1	3
0	3
0	3
1	3
0	3
0	3
0	3
0	3
-1	3
0	3
0	3
-1	3
1	3
0	3
0	3
1	3
0	3
0	3
1	3
0	3
0	3
1	3
0	3
0	3
1	3
0	3
0	3
1	3
0	3
0	3
1	3
0	3
0	3
1	3
0	3
0	3
1	3
0	3
0	3
1	3
0	3
0	3
0	3
0	3
-1	3
1	3
0	3
0	3
1	3
0	3
0	3
0	3
0	3
-1	3
0	3
0	3
-1	3
1	3
0	3
0	3
0	3
0	3
-1	3
0	3
0	3
-1	3
1	3
0	3
0	3
1	3
0	3
-26	3
0	3
0	3
-1	3
0	3
0	3
0	3
1	3
-5	3
0	3
1	3
0	3
0	3
0	3
0	3
0	3
0	3
29	3
-1	3
0	3
0	3
0	3
0	3
0	3
0	3
0	3
-59	3
0	3
1	3
-14	3
0	3
1	3
0	3
0	3
1	3
0	3
0	3
0	3
0	3
0	3
0	3
-29	3
0	3
0	3
0	3
0	3
1	3
0	3
0	3
0	3
0	3
0	3
1	3
0	3
0	3
1	3
0	3
0	3
0	3
0	3
0	3
0	3
0	3
0	3
0	3
0	3
0	3
0	3
-14	3
0	3
1	3
0	3
0	3
0	3
0	3
0	3
0	3
0	3
-1	3
1	3
0	3
0	3
0	3
0	3
0	3
1	3
0	3
0	3
0	3
3	3
-2	3
11	3
0	3
-1	3
3	3
0	3
0	3
2	3
0	3
-1	3
2	3
0	3
-1	3
2	3
0	3
-1	3
2	3
0	3
-1	3
5	3
0	3
-1	3
0	3
26	3
-3	3
3	3
0	3
0	3
0	3
-2	3
11	3
21	3
0	3
-1	3
3	3
0	3
0	3
2	3
0	3
-4	3
2	3
0	3
-1	3
3	3
0	3
0	3
2	3
0	3
-1	3
-25	3
2	3
0	3
2	3
0	3
-1	3
3	3
0	3
-20	3
2	3
0	3
-1	3
14	3
0	3
0	3
-56	3
1	3
0	3
2	3
0	3
-1	3
2	3
0	3
-1	3
2	3
0	3
-1	3
0	3
-3	3
10	3
17	3
0	3
-1	3
3	3
0	3
0	3
2	3
0	3
-1	3
26	3
0	3
-1	3
0	3
0	3
-1	3
0	3
0	3
-1	3
0	3
0	3
-1	3
0	3
0	3
-1	3
0	3
1	3
-1	3
0	3
0	3
-1	3
0	3
1	3
-3	3
0	3
0	3
-1	3
0	3
0	3
-1	3
0	3
0	3
-1	3
0	3
0	3
-1	3
0	3
0	3
-1	3
0	3
0	3
-1	3
0	3
1	3
-1	3
0	3
0	3
-1	3
0	3
0	3
-19	3
0	3
0	3
-1	3
0	3
1	3
-29	3
0	3
0	3
-1	3
0	3
0	3
-45	3
0	3
0	3
-1	3
0	3
0	3
-1	3
0	3
0	3
-15	3
0	3
0	3
-1	3
0	3
1	3
-1	3
0	3
0	3
-2	3
0	3
0	3
-1	3
0	3
0	3
-29	3
0	3
0	3
-1	3
0	3
0	3
-15	3
0	3
0	3
-1	3
0	3
1	3
-9	3
2	3
0	3
-1	3
2	3
0	3
-1	3
3	3
0	3
0	3
2	3
0	3
-2	3
2	3
0	3
-1	3
3	3
0	3
-1	3
-11	3
2	3
0	3
-11	3
1	3
0	3
2	3
0	3
-1	3
1	3
0	3
-1	3
2	3
0	3
-1	3
3	3
0	3
0	3
2	3
0	3
-1	3
2	3
0	3
-1	3
2	3
0	3
-1	3
3	3
0	3
0	3
-25	3
1	3
0	3
2	3
0	3
-1	3
1	3
0	3
-29	3
2	3
0	3
-1	3
-3	3
0	3
0	3
2	3
0	3
-1	3
2	3
0	3
-1	3
3	3
0	3
0	3
2	3
0	3
-1	3
3	3
0	3
-1	3
3	3
0	3
-1	3
2	3
0	3
-1	3
1	3
0	3
0	3
0	3
8	3
-7	3
37	3
0	3
-1	3
36	3
0	3
0	3
19	3
0	3
0	3
0	3
6	3
-22	3
-21	3
29	3
0	3
0	3
43	3
0	3
-145	3
0	3
0	3
-126	3
29	3
0	3
-164	3
0	3
0	3
-232	3
0	3
28	3
-265	3
0	3
28	3
-327	3
49	3
0	3
-453	3
16	3
0	3
-484	3
0	3
15	3
-485	3
0	3
29	3
-529	3
0	3
0	3
-574	3
0	3
0	3
-657	3
0	3
0	3
-675	3
0	3
0	3
-636	3
132	3
0	3
-680	3
0	3
0	3
-677	3
4	3
0	3
-691	3
29	3
0	3
-796	3
0	3
0	3
-830	3
0	3
28	3
-691	3
0	3
1	3
-609	3
0	3
0	3
-162	3
0	3
1	3
0	3
21	3
-11	3
2	3
0	3
-3	3
2	3
0	3
-3	3
2	3
0	3
-2	3
16	3
0	3
-3	3
16	3
0	3
-3	3
2	3
0	3
-3	3
2	3
0	3
-3	3
3	3
0	3
-3	3
1	3
0	3
-3	3
2	3
0	3
-3	3
-2	3
3	3
0	3
2	3
0	3
-3	3
2	3
0	3
-3	3
1	3
0	3
-3	3
3	3
0	3
-2	3
2	3
0	3
-3	3
2	3
0	3
-3	3
2	3
0	3
-3	3
2	3
0	3
-3	3
2	3
0	3
-3	3
2	3
0	3
-3	3
1	3
0	3
-3	3
2	3
0	3
-3	3
2	3
0	3
-3	3
2	3
0	3
-3	3
2	3
0	3
-3	3
6	3
0	3
-3	3
4	3
0	3
-3	3
2	3
0	3
-3	3
3	3
0	3
-2	3
-11	3
0	3
0	3
1	3
0	3
0	3
-26	3
0	3
0	3
2	3
0	3
0	3
3	3
0	3
0	3
2	3
0	3
-1	3
3	3
0	3
0	3
-1	3
0	3
0	3
2	3
0	3
0	3
2	3
0	3
0	3
2	3
0	3
0	3
0	3
2	3
-1	3
2	3
0	3
0	3
-3	3
4	3
0	3
-26	3
0	3
0	3
2	3
0	3
-1	3
16	3
0	3
0	3
3	3
0	3
0	3
0	3
0	3
0	3
-12	3
0	3
0	3
-12	3
0	3
0	3
-12	3
0	3
0	3
3	3
0	3
0	3
3	3
0	3
0	3
2	3
0	3
0	3
30	3
0	3
0	3
-25	3
1	3
0	3
3	3
0	3
0	3
-11	3
1	3
0	3
22	3
0	3
0	3
1	3
-1	3
0	3
2	3
0	3
-1	3
3	3
0	3
0	3
0	3
-2	3
11	3
2	3
0	3
0	3
0	3
27	3
-3	3
33	3
0	3
-1	3
2	3
0	3
-1	3
2	3
0	3
-1	3
2	3
0	3
-1	3
1	3
0	3
-1	3
2	3
0	3
-1	3
3	3
0	3
0	3
0	3
41	3
-2	3
2	3
0	3
-1	3
2	3
0	3
-1	3
-7	3
1	3
0	3
2	3
0	3
-1	3
0	3
58	3
-44	3
-11	3
1	3
0	3
8	3
-26	3
0	3
2	3
0	3
-1	3
2	3
0	3
-1	3
2	3
0	3
0	3
2	3
0	3
-1	3
2	3
0	3
-1	3
2	3
0	3
-1	3
2	3
0	3
-1	3
-2	3
0	3
13	3
2	3
0	3
-1	3
3	3
0	3
0	3
2	3
0	3
-1	3
1	3
0	3
0	3
0	3
-1	3
0	3
0	3
-1	3
0	3
0	3
-1	3
29	3
1	3
0	3
0	3
0	3
-1	3
0	3
1	3
0	3
0	3
0	3
-1	3
0	3
0	3
-1	3
0	3
0	3
0	3
0	3
0	3
0	3
0	3
1	3
0	3
0	3
0	3
-1	3
0	3
0	3
27	3
-1	3
0	3
-1	3
0	3
0	3
-1	3
0	3
0	3
-1	3
0	3
0	3
-1	3
0	3
0	3
0	3
0	3
0	3
-1	3
0	3
0	3
-1	3
41	3
0	3
-1	3
0	3
0	3
-1	3
0	3
0	3
-1	3
27	3
0	3
-1	3
0	3
0	3
-1	3
0	3
0	3
-1	3
0	3
1	3
0	3
-41	3
0	3
-1	3
0	3
2	3
0	3
0	3
3	3
0	3
0	3
3	3
0	3
0	3
0	3
0	3
0	3
3	3
0	3
0	3
3	3
0	3
-11	3
3	3
0	3
0	3
2	3
0	3
0	3
3	3
0	3
-5	3
-26	3
1	3
0	3
2	3
0	3
0	3
-12	3
0	3
0	3
1	3
0	3
0	3
2	3
0	3
-1	3
3	3
0	3
0	3
3	3
0	3
0	3
3	3
0	3
0	3
2	3
0	3
0	3
4	3
0	3
-9	3
3	3
0	3
0	3
3	3
0	3
0	3
2	3
0	3
0	3
3	3
0	3
0	3
0	3
-2	3
25	3
2	3
0	3
0	3
0	3
25	3
-3	3
2	3
0	3
0	3
3	3
0	3
0	3
-25	3
1	3
0	3
4	3
0	3
-7	3
-4	3
0	3
0	3
1	3
0	3
0	3
0	3
-3	3
0	3
0	3
-2	3
0	3
0	3
-1	3
0	3
0	3
0	3
0	3
1	3
-5	3
0	3
1	3
0	3
0	3
0	3
-1	3
0	3
0	3
-2	3
0	3
1	3
0	3
0	3
0	3
-1	3
0	3
0	3
-1	3
0	3
1	3
0	3
0	3
0	3
-4	3
0	3
0	3
-1	3
0	3
0	3
-1	3
0	3
0	3
-1	3
0	3
0	3
-1	3
0	3
0	3
-1	3
0	3
0	3
-1	3
0	3
0	3
0	3
1	3
0	3
-1	3
1	3
0	3
-1	3
0	3
0	3
0	3
1	3
0	3
-1	3
0	3
0	3
-2	3
0	3
0	3
-1	3
0	3
2	3
0	3
0	3
1	3
-1	3
0	3
1	3
-1	3
0	3
1	3
-1	3
0	3
1	3
-1	3
0	3
1	3
-1	3
0	3
1	3
-2	3
0	3
2	3
-1	3
0	3
1	3
-30	3
0	3
2	3
-1	3
0	3
1	3
-1	3
0	3
1	3
-1	3
0	3
2	3
0	3
0	3
1	3
-1	3
0	3
2	3
0	3
0	3
1	3
-1	3
0	3
1	3
-1	3
0	3
2	3
-1	3
0	3
1	3
-2	3
0	3
1	3
-1	3
0	3
1	3
-1	3
0	3
1	3
-1	3
0	3
1	3
-1	3
0	3
1	3
-1	3
0	3
1	3
-2	3
0	3
1	3
-2	3
0	3
0	3
0	3
1	3
0	3
0	3
0	3
0	3
0	3
0	3
0	3
0	3
0	3
0	3
0	3
-13	3
0	3
0	3
1	3
0	3
0	3
0	3
0	3
0	3
1	3
0	3
0	3
0	3
-1	3
0	3
0	3
0	3
0	3
0	3
-1	3
0	3
0	3
-1	3
0	3
0	3
0	3
0	3
0	3
0	3
0	3
1	3
0	3
0	3
0	3
-28	3
0	3
2	3
0	3
0	3
0	3
-11	3
0	3
2	3
0	3
0	3
1	3
0	3
0	3
1	3
-2	3
13	3
0	3
0	3
0	3
2	3
-1	3
0	3
1	3
0	3
0	3
2	3
0	3
0	3
2	3
0	3
0	3
1	3
0	3
0	3
1	3
0	3
7	3
0	3
0	3
1	3
0	3
0	3
1	3
0	3
0	3
1	3
0	3
0	3
1	3
0	3
0	3
1	3
0	3
0	3
1	3
0	3
0	3
1	3
0	3
0	3
1	3
0	3
0	3
1	3
0	3
0	3
1	3
0	3
13	3
0	3
-1	3
-14	3
1	3
0	3
-14	3
1	3
0	3
-28	3
1	3
0	3
-14	3
1	3
0	3
-14	3
1	3
0	3
-14	3
1	3
0	3
-14	3
1	3
0	3
-14	3
1	3
0	3
-14	3
1	3
0	3
1	3
0	3
0	3
-25	3
15	3
0	3
-41	3
0	3
0	3
-40	3
0	3
0	3
-12	3
29	3
0	3
-40	3
1	3
0	3
-40	3
0	3
0	3
-41	3
0	3
0	3
-31	3
9	3
0	3
-40	3
0	3
0	3
-40	3
0	3
0	3
0	3
-3	3
40	3
-40	3
0	3
0	3
-40	3
0	3
0	3
-12	3
33	3
0	3
-167	3
0	3
0	3
-219	3
29	3
0	3
-224	3
16	3
0	3
-233	3
29	3
0	3
-177	3
67	3
0	3
-262	3
0	3
0	3
-261	3
0	3
0	3
-262	3
0	3
0	3
-262	3
0	3
0	3
-206	3
56	3
0	3
-262	3
0	3
28	3
-233	3
0	3
56	3
-262	3
0	3
5	3
-262	3
0	3
0	3
